"year","date","site","fieldplot","pair","plot","block","collection","litter","removal","family","genus","species","code","functional_group","life_history","cover","count","nearest_neighbor","percent_cover"
"0","7/14/23","Emerald Lake","1A",1,1,1,"Pre","Mixed","Removed","Primulaceae","Androsace","septentrionalis","ANSE","forb","annual",3.2,22,0,0.032
"0","7/14/23","Emerald Lake","1A",1,1,1,"Pre","Mixed","Removed","Ranunculaceae","Aquilegia","Coerulea","AQCO","forb","perennial",1,1,0,0.01
"0","7/14/23","Emerald Lake","1A",1,1,1,"Pre","Mixed","Removed","Brassicaceae","Barbarea","vulgaris","BAVU","forb","biennial",0.2,2,0,0.002
"0","7/14/23","Emerald Lake","1A",1,1,1,"Pre","Mixed","Removed","Onagraceae","Chamaenuerion","angustifolium","CHAN","forb","perennial",1,2,0,0.01
"0","7/14/23","Emerald Lake","1A",1,1,1,"Pre","Mixed","Removed","Ranunculaceae","Delphinium","barbeyi","DEBA","forb","perennial",2,2,0,0.02
"0","7/14/23","Emerald Lake","1A",1,1,1,"Pre","Mixed","Removed","Poaceae","Elymus","glaucus","ELGL","grass","perennial",1.8,7,1,0.018
"0","7/14/23","Emerald Lake","1A",1,1,1,"Pre","Mixed","Removed","Liliaceae","Erythronium","grandiflorum","ERGR","forb","perennial",0.2,1,0,0.002
"0","7/14/23","Emerald Lake","1A",1,1,1,"Pre","Mixed","Removed","Rosaceae","Fragaria","virginiana","FRVI","forb","perennial",1.4,7,1,0.014
"0","7/14/23","Emerald Lake","1A",1,1,1,"Pre","Mixed","Removed","Asteraceae","Helianthella","quinquenervis","HEQU","forb","perennial",25,6,1,0.25
"0","7/14/23","Emerald Lake","1A",1,1,1,"Pre","Mixed","Removed","Boraginaceae","Hydrophyllum","capitatum","HYCA","forb","perennial",1.5,4,0,0.015
"0","7/14/23","Emerald Lake","1A",1,1,1,"Pre","Mixed","Removed","Asteraceae","Hymenoxys","hoopesii","HYHO","forb","perennial",5,9,0,0.05
"0","7/14/23","Emerald Lake","1A",1,1,1,"Pre","Mixed","Removed","Apiaceae","Ligusticum","porteri","LIPO","forb","perennial",5,2,1,0.05
"0","7/14/23","Emerald Lake","1A",1,1,1,"Pre","Mixed","Removed","Fabaceae","Lupinus","argentus","LUAR","legume","perennial",1.3,4,0,0.013
"0","7/14/23","Emerald Lake","1A",1,1,1,"Pre","Mixed","Removed","Poaceae","Melica","spectabilis","MESP","grass","perennial",10,7,0,0.1
"0","7/14/23","Emerald Lake","1A",1,1,1,"Pre","Mixed","Removed","Boraginaceae","Mertensia","ciliata","MECI","forb","perennial",1.5,3,0,0.015
"0","7/14/23","Emerald Lake","1A",1,1,1,"Pre","Mixed","Removed","Rosaceae","Potentilla","gracilis","POGR","forb","perennial",4,4,0,0.04
"0","7/14/23","Emerald Lake","1A",1,1,1,"Pre","Mixed","Removed","Asteraceae","Senecio","crassulus","SECR","forb","perennial",0.3,2,0,0.003
"0","7/14/23","Emerald Lake","1B",1,2,1,"Pre","Mixed","Present","Primulaceae","Androsace","septentrionalis","ANSE","forb","annual",0.4,4,0,0.004
"0","7/14/23","Emerald Lake","1B",1,2,1,"Pre","Mixed","Present","Ranunculaceae","Aquilegia","Coerulea","AQCO","forb","perennial",4.5,2,0,0.045
"0","7/14/23","Emerald Lake","1B",1,2,1,"Pre","Mixed","Present","Cyperaceae","Carex","Hoodii","CAHO","sedge","perennial",5,5,0,0.05
"0","7/14/23","Emerald Lake","1B",1,2,1,"Pre","Mixed","Present","Onagraceae","Chamaenuerion","angustifolium","CHAN","forb","perennial",0.5,2,0,0.005
"0","7/14/23","Emerald Lake","1B",1,2,1,"Pre","Mixed","Present","Ranunculaceae","Delphinium","barbeyi","DEBA","forb","perennial",1,1,0,0.01
"0","7/14/23","Emerald Lake","1B",1,2,1,"Pre","Mixed","Present","Poaceae","Elymus","glaucus","ELGL","grass","perennial",2,5,1,0.02
"0","7/14/23","Emerald Lake","1B",1,2,1,"Pre","Mixed","Present","Liliaceae","Erythronium","grandiflorum","ERGR","forb","perennial",0.5,2,0,0.005
"0","7/14/23","Emerald Lake","1B",1,2,1,"Pre","Mixed","Present","Rosaceae","Fragaria","virginiana","FRVI","forb","perennial",1,5,0,0.01
"0","7/14/23","Emerald Lake","1B",1,2,1,"Pre","Mixed","Present","Asteraceae","Helianthella","quinquenervis","HEQU","forb","perennial",10.5,5,0,0.105
"0","7/14/23","Emerald Lake","1B",1,2,1,"Pre","Mixed","Present","Asteraceae","Hymenoxys","hoopesii","HYHO","forb","perennial",10,3,1,0.1
"0","7/14/23","Emerald Lake","1B",1,2,1,"Pre","Mixed","Present","Apiaceae","Ligusticum","porteri","LIPO","forb","perennial",10,2,0,0.1
"0","7/14/23","Emerald Lake","1B",1,2,1,"Pre","Mixed","Present","Poaceae","Melica","spectabilis","MESP","grass","perennial",1,2,0,0.01
"0","7/14/23","Emerald Lake","1B",1,2,1,"Pre","Mixed","Present","Rosaceae","Potentilla","gracilis","POGR","forb","perennial",5.4,5,1,0.054
"0","7/14/23","Emerald Lake","1B",1,2,1,"Pre","Mixed","Present","Grossulariaceae","Ribes","montigenum","RIMO","shrub","perennial",23,2,0,0.23
"0","7/14/23","Emerald Lake","1B",1,2,1,"Pre","Mixed","Present","Violaceae","Viola","nuttallii","VINU","forb","perennial",0.1,2,0,0.001
"0","7/19/23","Emerald Lake","2A",2,3,2,"Pre","Castilleja","Present","Primulaceae","Androsace","septentrionalis","ANSE","forb","annual",0.1,3,0,0.001
"0","7/19/23","Emerald Lake","2A",2,3,2,"Pre","Castilleja","Present","Ranunculaceae","Aquilegia","Coerulea","AQCO","forb","perennial",5,1,0,0.05
"0","7/19/23","Emerald Lake","2A",2,3,2,"Pre","Castilleja","Present","Brassicaceae","Barbarea","vulgaris","BAVU","forb","biennial",0.1,1,0,0.001
"0","7/19/23","Emerald Lake","2A",2,3,2,"Pre","Castilleja","Present","Cyperaceae","Carex","Hoodii","CAHO","sedge","perennial",0.5,3,0,0.005
"0","7/19/23","Emerald Lake","2A",2,3,2,"Pre","Castilleja","Present","Onagraceae","Chamaenuerion","angustifolium","CHAN","forb","perennial",3,3,0,0.03
"0","7/19/23","Emerald Lake","2A",2,3,2,"Pre","Castilleja","Present","Ranunculaceae","Delphinium","barbeyi","DEBA","forb","perennial",0.1,1,0,0.001
"0","7/19/23","Emerald Lake","2A",2,3,2,"Pre","Castilleja","Present","Poaceae","Elymus","glaucus","ELGL","grass","perennial",7,16,1,0.07
"0","7/19/23","Emerald Lake","2A",2,3,2,"Pre","Castilleja","Present","Asteraceae","Erigeron","coulteri","ERCO","forb","perennial",0.3,2,0,0.003
"0","7/19/23","Emerald Lake","2A",2,3,2,"Pre","Castilleja","Present","Liliaceae","Erythronium","grandiflorum","ERGR","forb","perennial",0.5,1,0,0.005
"0","7/19/23","Emerald Lake","2A",2,3,2,"Pre","Castilleja","Present","Rosaceae","Fragaria","virginiana","FRVI","forb","perennial",0.5,1,0,0.005
"0","7/19/23","Emerald Lake","2A",2,3,2,"Pre","Castilleja","Present","Geraniaceae","Geranium","richardsonii","GERI","forb","perennial",1,1,0,0.01
"0","7/19/23","Emerald Lake","2A",2,3,2,"Pre","Castilleja","Present","Asteraceae","Helianthella","quinquenervis","HEQU","forb","perennial",15,8,0,0.15
"0","7/19/23","Emerald Lake","2A",2,3,2,"Pre","Castilleja","Present","Apiaceae","Heracleum","maximum","HEMA","forb","perennial",2.5,1,0,0.025
"0","7/19/23","Emerald Lake","2A",2,3,2,"Pre","Castilleja","Present","Asteraceae","Hymenoxys","hoopesii","HYHO","forb","perennial",3,2,0,0.03
"0","7/19/23","Emerald Lake","2A",2,3,2,"Pre","Castilleja","Present","Apiaceae","Ligusticum","porteri","LIPO","forb","perennial",25,2,0,0.25
"0","7/19/23","Emerald Lake","2A",2,3,2,"Pre","Castilleja","Present","Fabaceae","Lupinus","argentus","LUAR","legume","perennial",7,14,1,0.07
"0","7/19/23","Emerald Lake","2A",2,3,2,"Pre","Castilleja","Present","Poaceae","Melica","spectabilis","MESP","grass","perennial",0.1,1,0,0.001
"0","7/19/23","Emerald Lake","2A",2,3,2,"Pre","Castilleja","Present","Brassicaceae","Noccaea","fendleri","NOFE","forb","perennial",0.1,1,0,0.001
"0","7/19/23","Emerald Lake","2A",2,3,2,"Pre","Castilleja","Present","Rosaceae","Potentilla","gracilis","POGR","forb","perennial",4,1,1,0.04
"0","7/19/23","Emerald Lake","2A",2,3,2,"Pre","Castilleja","Present","Asteraceae","Senecio","crassulus","SECR","forb","perennial",0.2,1,0,0.002
"0","7/19/23","Emerald Lake","2A",2,3,2,"Pre","Castilleja","Present","Caprifoliaceae","Valeriana","occidentalis","VAOC","forb","perennial",2.5,3,0,0.025
"0","7/19/23","Emerald Lake","2B",2,4,2,"Pre","Castilleja","Removed","Primulaceae","Androsace","septentrionalis","ANSE","forb","annual",0.3,7,0,0.003
"0","7/19/23","Emerald Lake","2B",2,4,2,"Pre","Castilleja","Removed","Onagraceae","Chamaenuerion","angustifolium","CHAN","forb","perennial",6,6,0,0.06
"0","7/19/23","Emerald Lake","2B",2,4,2,"Pre","Castilleja","Removed","Poaceae","Elymus","glaucus","ELGL","grass","perennial",10,23,0,0.1
"0","7/19/23","Emerald Lake","2B",2,4,2,"Pre","Castilleja","Removed","Liliaceae","Erythronium","grandiflorum","ERGR","forb","perennial",2,5,0,0.02
"0","7/19/23","Emerald Lake","2B",2,4,2,"Pre","Castilleja","Removed","Rosaceae","Fragaria","virginiana","FRVI","forb","perennial",0.5,2,1,0.005
"0","7/19/23","Emerald Lake","2B",2,4,2,"Pre","Castilleja","Removed","Geraniaceae","Geranium","richardsonii","GERI","forb","perennial",2,2,0,0.02
"0","7/19/23","Emerald Lake","2B",2,4,2,"Pre","Castilleja","Removed","Apiaceae","Heracleum","maximum","HEMA","forb","perennial",15,1,0,0.15
"0","7/19/23","Emerald Lake","2B",2,4,2,"Pre","Castilleja","Removed","Asteraceae","Hymenoxys","hoopesii","HYHO","forb","perennial",6,4,0,0.06
"0","7/19/23","Emerald Lake","2B",2,4,2,"Pre","Castilleja","Removed","Apiaceae","Ligusticum","porteri","LIPO","forb","perennial",1.5,1,0,0.015
"0","7/19/23","Emerald Lake","2B",2,4,2,"Pre","Castilleja","Removed","Poaceae","Melica","spectabilis","MESP","grass","perennial",4,6,0,0.04
"0","7/19/23","Emerald Lake","2B",2,4,2,"Pre","Castilleja","Removed","Boraginaceae","Mertensia","ciliata","MECI","forb","perennial",1,2,1,0.01
"0","7/19/23","Emerald Lake","2B",2,4,2,"Pre","Castilleja","Removed","Brassicaceae","Noccaea","fendleri","NOFE","forb","perennial",0.2,1,0,0.002
"0","7/19/23","Emerald Lake","2B",2,4,2,"Pre","Castilleja","Removed","Rosaceae","Potentilla","gracilis","POGR","forb","perennial",5,2,0,0.05
"0","7/19/23","Emerald Lake","2B",2,4,2,"Pre","Castilleja","Removed","Asteraceae","Senecio","crassulus","SECR","forb","perennial",4,5,1,0.04
"0","7/19/23","Emerald Lake","2B",2,4,2,"Pre","Castilleja","Removed","Caprifoliaceae","Valeriana","occidentalis","VAOC","forb","perennial",5,4,0,0.05
"0","7/17/23","Emerald Lake","3A",3,5,2,"Pre","Community","Removed","Primulaceae","Androsace","septentrionalis","ANSE","forb","annual",1,5,0,0.01
"0","7/17/23","Emerald Lake","3A",3,5,2,"Pre","Community","Removed","Brassicaceae","Barbarea","vulgaris","BAVU","forb","biennial",0.2,1,0,0.002
"0","7/17/23","Emerald Lake","3A",3,5,2,"Pre","Community","Removed","Onagraceae","Chamaenuerion","angustifolium","CHAN","forb","perennial",8,7,0,0.08
"0","7/17/23","Emerald Lake","3A",3,5,2,"Pre","Community","Removed","Ranunculaceae","Delphinium","barbeyi","DEBA","forb","perennial",10,5,0,0.1
"0","7/17/23","Emerald Lake","3A",3,5,2,"Pre","Community","Removed","Poaceae","Elymus","glaucus","ELGL","grass","perennial",10,5,0,0.1
"0","7/17/23","Emerald Lake","3A",3,5,2,"Pre","Community","Removed","Asteraceae","Erigeron","coulteri","ERCO","forb","perennial",2.5,2,1,0.025
"0","7/17/23","Emerald Lake","3A",3,5,2,"Pre","Community","Removed","Liliaceae","Erythronium","grandiflorum","ERGR","forb","perennial",8,8,0,0.08
"0","7/17/23","Emerald Lake","3A",3,5,2,"Pre","Community","Removed","Rosaceae","Fragaria","virginiana","FRVI","forb","perennial",7,7,1,0.07
"0","7/17/23","Emerald Lake","3A",3,5,2,"Pre","Community","Removed","Geraniaceae","Geranium","richardsonii","GERI","forb","perennial",1,1,0,0.01
"0","7/17/23","Emerald Lake","3A",3,5,2,"Pre","Community","Removed","Asteraceae","Helianthella","quinquenervis","HEQU","forb","perennial",18,5,0,0.18
"0","7/17/23","Emerald Lake","3A",3,5,2,"Pre","Community","Removed","Asteraceae","Hymenoxys","hoopesii","HYHO","forb","perennial",18,11,1,0.18
"0","7/17/23","Emerald Lake","3A",3,5,2,"Pre","Community","Removed","Apiaceae","Ligusticum","porteri","LIPO","forb","perennial",25,4,0,0.25
"0","7/17/23","Emerald Lake","3A",3,5,2,"Pre","Community","Removed","Fabaceae","Lupinus","argentus","LUAR","legume","perennial",2.5,1,0,0.025
"0","7/17/23","Emerald Lake","3A",3,5,2,"Pre","Community","Removed","Poaceae","Melica","spectabilis","MESP","grass","perennial",5,4,1,0.05
"0","7/17/23","Emerald Lake","3A",3,5,2,"Pre","Community","Removed","Boraginaceae","Mertensia","ciliata","MECI","forb","perennial",3,3,0,0.03
"0","7/17/23","Emerald Lake","3A",3,5,2,"Pre","Community","Removed","Rosaceae","Potentilla","gracilis","POGR","forb","perennial",1,1,1,0.01
"0","7/17/23","Emerald Lake","3A",3,5,2,"Pre","Community","Removed","Grossulariaceae","Ribes","montigenum","RIMO","shrub","perennial",3,2,0,0.03
"0","7/17/23","Emerald Lake","3A",3,5,2,"Pre","Community","Removed","Asteraceae","Senecio","crassulus","SECR","forb","perennial",8,5,1,0.08
"0","7/17/23","Emerald Lake","3B",3,6,2,"Pre","Community","Present","Primulaceae","Androsace","septentrionalis","ANSE","forb","annual",0.5,7,0,0.005
"0","7/17/23","Emerald Lake","3B",3,6,2,"Pre","Community","Present","Ranunculaceae","Aquilegia","Coerulea","AQCO","forb","perennial",4,1,0,0.04
"0","7/17/23","Emerald Lake","3B",3,6,2,"Pre","Community","Present","Brassicaceae","Barbarea","vulgaris","BAVU","forb","biennial",0.1,1,0,0.001
"0","7/17/23","Emerald Lake","3B",3,6,2,"Pre","Community","Present","Poaceae","Elymus","glaucus","ELGL","grass","perennial",4,7,1,0.04
"0","7/17/23","Emerald Lake","3B",3,6,2,"Pre","Community","Present","Rosaceae","Fragaria","virginiana","FRVI","forb","perennial",0.3,3,0,0.003
"0","7/17/23","Emerald Lake","3B",3,6,2,"Pre","Community","Present","Asteraceae","Helianthella","quinquenervis","HEQU","forb","perennial",10,8,1,0.1
"0","7/17/23","Emerald Lake","3B",3,6,2,"Pre","Community","Present","Apiaceae","Heracleum","maximum","HEMA","forb","perennial",6,1,0,0.06
"0","7/17/23","Emerald Lake","3B",3,6,2,"Pre","Community","Present","Asteraceae","Hymenoxys","hoopesii","HYHO","forb","perennial",8,3,0,0.08
"0","7/17/23","Emerald Lake","3B",3,6,2,"Pre","Community","Present","Apiaceae","Ligusticum","porteri","LIPO","forb","perennial",15,9,1,0.15
"0","7/17/23","Emerald Lake","3B",3,6,2,"Pre","Community","Present","Poaceae","Melica","spectabilis","MESP","grass","perennial",4,3,0,0.04
"0","7/17/23","Emerald Lake","3B",3,6,2,"Pre","Community","Present","Boraginaceae","Mertensia","ciliata","MECI","forb","perennial",2,4,0,0.02
"0","7/17/23","Emerald Lake","3B",3,6,2,"Pre","Community","Present","Rosaceae","Potentilla","gracilis","POGR","forb","perennial",1,2,0,0.01
"0","7/17/23","Emerald Lake","3B",3,6,2,"Pre","Community","Present","Grossulariaceae","Ribes","montigenum","RIMO","shrub","perennial",20,3,0,0.2
"0","7/17/23","Emerald Lake","3B",3,6,2,"Pre","Community","Present","Asteraceae","Senecio","crassulus","SECR","forb","perennial",3,3,1,0.03
"0","7/17/23","Emerald Lake","3B",3,6,2,"Pre","Community","Present","Caprifoliaceae","Valeriana","occidentalis","VAOC","forb","perennial",0.5,1,0,0.005
"0","7/17/23","Emerald Lake","4A",4,7,2,"Pre","Mixed","Removed","Primulaceae","Androsace","septentrionalis","ANSE","forb","annual",5,9,0,0.05
"0","7/17/23","Emerald Lake","4A",4,7,2,"Pre","Mixed","Removed","Onagraceae","Chamaenuerion","angustifolium","CHAN","forb","perennial",0.5,1,0,0.005
"0","7/17/23","Emerald Lake","4A",4,7,2,"Pre","Mixed","Removed","Poaceae","Elymus","glaucus","ELGL","grass","perennial",12,10,1,0.12
"0","7/17/23","Emerald Lake","4A",4,7,2,"Pre","Mixed","Removed","Asteraceae","Erigeron","coulteri","ERCO","forb","perennial",2,1,0,0.02
"0","7/17/23","Emerald Lake","4A",4,7,2,"Pre","Mixed","Removed","Liliaceae","Erythronium","grandiflorum","ERGR","forb","perennial",1,2,0,0.01
"0","7/17/23","Emerald Lake","4A",4,7,2,"Pre","Mixed","Removed","Asteraceae","Helianthella","quinquenervis","HEQU","forb","perennial",8,5,1,0.08
"0","7/17/23","Emerald Lake","4A",4,7,2,"Pre","Mixed","Removed","Apiaceae","Heracleum","maximum","HEMA","forb","perennial",20,1,0,0.2
"0","7/17/23","Emerald Lake","4A",4,7,2,"Pre","Mixed","Removed","Boraginaceae","Hydrophyllum","capitatum","HYCA","forb","perennial",1,2,0,0.01
"0","7/17/23","Emerald Lake","4A",4,7,2,"Pre","Mixed","Removed","Asteraceae","Hymenoxys","hoopesii","HYHO","forb","perennial",8,5,0,0.08
"0","7/17/23","Emerald Lake","4A",4,7,2,"Pre","Mixed","Removed","Apiaceae","Ligusticum","porteri","LIPO","forb","perennial",25,5,0,0.25
"0","7/17/23","Emerald Lake","4A",4,7,2,"Pre","Mixed","Removed","Poaceae","Melica","spectabilis","MESP","grass","perennial",1,1,0,0.01
"0","7/17/23","Emerald Lake","4A",4,7,2,"Pre","Mixed","Removed","Boraginaceae","Mertensia","ciliata","MECI","forb","perennial",1,2,0,0.01
"0","7/17/23","Emerald Lake","4A",4,7,2,"Pre","Mixed","Removed","Rosaceae","Potentilla","gracilis","POGR","forb","perennial",2,1,0,0.02
"0","7/17/23","Emerald Lake","4A",4,7,2,"Pre","Mixed","Removed","Asteraceae","Senecio","crassulus","SECR","forb","perennial",2,1,0,0.02
"0","7/17/23","Emerald Lake","4A",4,7,2,"Pre","Mixed","Removed","Caprifoliaceae","Valeriana","occidentalis","VAOC","forb","perennial",1,1,0,0.01
"0","7/17/23","Emerald Lake","4B",4,8,2,"Pre","Mixed","Present","Primulaceae","Androsace","septentrionalis","ANSE","forb","annual",1,5,0,0.01
"0","7/17/23","Emerald Lake","4B",4,8,2,"Pre","Mixed","Present","Ranunculaceae","Aquilegia","Coerulea","AQCO","forb","perennial",1,1,0,0.01
"0","7/17/23","Emerald Lake","4B",4,8,2,"Pre","Mixed","Present","Poaceae","Elymus","glaucus","ELGL","grass","perennial",8,8,1,0.08
"0","7/17/23","Emerald Lake","4B",4,8,2,"Pre","Mixed","Present","Asteraceae","Erigeron","speciosus","ERSP","forb","perennial",1.5,1,0,0.015
"0","7/17/23","Emerald Lake","4B",4,8,2,"Pre","Mixed","Present","Rosaceae","Fragaria","virginiana","FRVI","forb","perennial",4,6,0,0.04
"0","7/17/23","Emerald Lake","4B",4,8,2,"Pre","Mixed","Present","Gentianaceae","Gentiana","parryi","GEPA","forb","perennial",2.5,2,0,0.025
"0","7/17/23","Emerald Lake","4B",4,8,2,"Pre","Mixed","Present","Asteraceae","Helianthella","quinquenervis","HEQU","forb","perennial",4,2,0,0.04
"0","7/17/23","Emerald Lake","4B",4,8,2,"Pre","Mixed","Present","Apiaceae","Heracleum","maximum","HEMA","forb","perennial",6,1,0,0.06
"0","7/17/23","Emerald Lake","4B",4,8,2,"Pre","Mixed","Present","Asteraceae","Hymenoxys","hoopesii","HYHO","forb","perennial",2,2,1,0.02
"0","7/17/23","Emerald Lake","4B",4,8,2,"Pre","Mixed","Present","Apiaceae","Ligusticum","porteri","LIPO","forb","perennial",10,2,0,0.1
"0","7/17/23","Emerald Lake","4B",4,8,2,"Pre","Mixed","Present","Poaceae","Melica","spectabilis","MESP","grass","perennial",3,5,1,0.03
"0","7/17/23","Emerald Lake","4B",4,8,2,"Pre","Mixed","Present","Poaceae","Phleum","alpinum","PHAL","grass","perennial",1,3,0,0.01
"0","7/17/23","Emerald Lake","4B",4,8,2,"Pre","Mixed","Present","Rosaceae","Potentilla","gracilis","POGR","forb","perennial",4,2,0,0.04
"0","7/17/23","Emerald Lake","4B",4,8,2,"Pre","Mixed","Present","Ranunculaceae","Ranunculus","inamoenus","RAIN","forb","perennial",0.1,1,0,0.001
"0","7/17/23","Emerald Lake","4B",4,8,2,"Pre","Mixed","Present","Grossulariaceae","Ribes","montigenum","RIMO","shrub","perennial",25,3,1,0.25
"0","7/17/23","Emerald Lake","4B",4,8,2,"Pre","Mixed","Present","Asteraceae","Senecio","crassulus","SECR","forb","perennial",4,3,1,0.04
"0","7/17/23","Emerald Lake","4B",4,8,2,"Pre","Mixed","Present","Thalictraceae","Thalictrum","fendleri","THFE","forb","perennial",8,6,1,0.08
"0","7/19/23","Emerald Lake","5A",5,9,3,"Pre","Mixed","Present","Primulaceae","Androsace","septentrionalis","ANSE","forb","annual",0.1,2,0,0.001
"0","7/19/23","Emerald Lake","5A",5,9,3,"Pre","Mixed","Present","Onagraceae","Chamaenuerion","angustifolium","CHAN","forb","perennial",10,4,1,0.1
"0","7/19/23","Emerald Lake","5A",5,9,3,"Pre","Mixed","Present","Poaceae","Elymus","glaucus","ELGL","grass","perennial",15,15,1,0.15
"0","7/19/23","Emerald Lake","5A",5,9,3,"Pre","Mixed","Present","Asteraceae","Erigeron","coulteri","ERCO","forb","perennial",6,2,0,0.06
"0","7/19/23","Emerald Lake","5A",5,9,3,"Pre","Mixed","Present","Liliaceae","Erythronium","grandiflorum","ERGR","forb","perennial",0.5,1,0,0.005
"0","7/19/23","Emerald Lake","5A",5,9,3,"Pre","Mixed","Present","Geraniaceae","Geranium","richardsonii","GERI","forb","perennial",1,4,0,0.01
"0","7/19/23","Emerald Lake","5A",5,9,3,"Pre","Mixed","Present","Apiaceae","Heracleum","maximum","HEMA","forb","perennial",25,2,0,0.25
"0","7/19/23","Emerald Lake","5A",5,9,3,"Pre","Mixed","Present","Fabaceae","Lupinus","argentus","LUAR","legume","perennial",2,2,0,0.02
"0","7/19/23","Emerald Lake","5A",5,9,3,"Pre","Mixed","Present","Boraginaceae","Mertensia","ciliata","MECI","forb","perennial",6,3,0,0.06
"0","7/19/23","Emerald Lake","5A",5,9,3,"Pre","Mixed","Present","Rosaceae","Potentilla","gracilis","POGR","forb","perennial",2,2,0,0.02
"0","7/19/23","Emerald Lake","5A",5,9,3,"Pre","Mixed","Present","Caprifoliaceae","Valeriana","occidentalis","VAOC","forb","perennial",5,7,1,0.05
"0","7/19/23","Emerald Lake","5B",5,10,3,"Pre","Mixed","Removed","Primulaceae","Androsace","septentrionalis","ANSE","forb","annual",2,6,0,0.02
"0","7/19/23","Emerald Lake","5B",5,10,3,"Pre","Mixed","Removed","Onagraceae","Chamaenuerion","angustifolium","CHAN","forb","perennial",1,2,0,0.01
"0","7/19/23","Emerald Lake","5B",5,10,3,"Pre","Mixed","Removed","Poaceae","Elymus","glaucus","ELGL","grass","perennial",8,9,1,0.08
"0","7/19/23","Emerald Lake","5B",5,10,3,"Pre","Mixed","Removed","Asteraceae","Erigeron","coulteri","ERCO","forb","perennial",5,2,0,0.05
"0","7/19/23","Emerald Lake","5B",5,10,3,"Pre","Mixed","Removed","Rubiaceae","Galium","bifolium","GABI","forb","perennial",1,15,0,0.01
"0","7/19/23","Emerald Lake","5B",5,10,3,"Pre","Mixed","Removed","Geraniaceae","Geranium","richardsonii","GERI","forb","perennial",8,2,1,0.08
"0","7/19/23","Emerald Lake","5B",5,10,3,"Pre","Mixed","Removed","Asteraceae","Helianthella","quinquenervis","HEQU","forb","perennial",2,2,0,0.02
"0","7/19/23","Emerald Lake","5B",5,10,3,"Pre","Mixed","Removed","Boraginaceae","Mertensia","ciliata","MECI","forb","perennial",0.5,2,0,0.005
"0","7/19/23","Emerald Lake","5B",5,10,3,"Pre","Mixed","Removed","Brassicaceae","Noccaea","fendleri","NOFE","forb","perennial",0.1,3,0,0.001
"0","7/19/23","Emerald Lake","5B",5,10,3,"Pre","Mixed","Removed","Poaceae","Poa","pretensis","POPR","grass","perennial",5,1,0,0.05
"0","7/19/23","Emerald Lake","5B",5,10,3,"Pre","Mixed","Removed","Polygonaceae","Rumex","salicifolius","RUSA","forb","perennial",2,2,0,0.02
"0","7/17/23","Emerald Lake","6A",6,11,3,"Pre","Community","Removed","Ranunculaceae","Aquilegia","Coerulea","AQCO","forb","perennial",7,2,0,0.07
"0","7/17/23","Emerald Lake","6A",6,11,3,"Pre","Community","Removed","Brassicaceae","Barbarea","vulgaris","BAVU","forb","biennial",1,2,0,0.01
"0","7/17/23","Emerald Lake","6A",6,11,3,"Pre","Community","Removed","Onagraceae","Chamaenuerion","angustifolium","CHAN","forb","perennial",3,4,0,0.03
"0","7/17/23","Emerald Lake","6A",6,11,3,"Pre","Community","Removed","Poaceae","Elymus","glaucus","ELGL","grass","perennial",8,10,1,0.08
"0","7/17/23","Emerald Lake","6A",6,11,3,"Pre","Community","Removed","Asteraceae","Erigeron","coulteri","ERCO","forb","perennial",1,1,0,0.01
"0","7/17/23","Emerald Lake","6A",6,11,3,"Pre","Community","Removed","Asteraceae","Erigeron","coulteri","ERCO","forb","perennial",1,1,0,0.01
"0","7/17/23","Emerald Lake","6A",6,11,3,"Pre","Community","Removed","Asteraceae","Helianthella","quinquenervis","HEQU","forb","perennial",8,5,1,0.08
"0","7/17/23","Emerald Lake","6A",6,11,3,"Pre","Community","Removed","Apiaceae","Heracleum","maximum","HEMA","forb","perennial",2,1,0,0.02
"0","7/17/23","Emerald Lake","6A",6,11,3,"Pre","Community","Removed","Boraginaceae","Hydrophyllum","capitatum","HYCA","forb","perennial",1,1,1,0.01
"0","7/17/23","Emerald Lake","6A",6,11,3,"Pre","Community","Removed","Asteraceae","Hymenoxys","hoopesii","HYHO","forb","perennial",5,3,0,0.05
"0","7/17/23","Emerald Lake","6A",6,11,3,"Pre","Community","Removed","Apiaceae","Ligusticum","porteri","LIPO","forb","perennial",10,1,0,0.1
"0","7/17/23","Emerald Lake","6A",6,11,3,"Pre","Community","Removed","Fabaceae","Lupinus","argentus","LUAR","legume","perennial",1.5,2,0,0.015
"0","7/17/23","Emerald Lake","6A",6,11,3,"Pre","Community","Removed","Poaceae","Melica","spectabilis","MESP","grass","perennial",0.5,2,0,0.005
"0","7/17/23","Emerald Lake","6A",6,11,3,"Pre","Community","Removed","Boraginaceae","Mertensia","ciliata","MECI","forb","perennial",6,7,0,0.06
"0","7/17/23","Emerald Lake","6A",6,11,3,"Pre","Community","Removed","Rosaceae","Potentilla","gracilis","POGR","forb","perennial",2,2,0,0.02
"0","7/17/23","Emerald Lake","6A",6,11,3,"Pre","Community","Removed","Grossulariaceae","Ribes","montigenum","RIMO","shrub","perennial",35,2,0,0.35
"0","7/17/23","Emerald Lake","6A",6,11,3,"Pre","Community","Removed","Asteraceae","Senecio","crassulus","SECR","forb","perennial",1,2,0,0.01
"0","7/17/23","Emerald Lake","6A",6,11,3,"Pre","Community","Removed","Caprifoliaceae","Valeriana","occidentalis","VAOC","forb","perennial",2,4,1,0.02
"0","7/17/23","Emerald Lake","6B",6,12,3,"Pre","Community","Present","Primulaceae","Androsace","septentrionalis","ANSE","forb","annual",0.1,2,0,0.001
"0","7/17/23","Emerald Lake","6B",6,12,3,"Pre","Community","Present","Onagraceae","Chamaenuerion","angustifolium","CHAN","forb","perennial",2,2,0,0.02
"0","7/17/23","Emerald Lake","6B",6,12,3,"Pre","Community","Present","Ranunculaceae","Delphinium","barbeyi","DEBA","forb","perennial",6,1,1,0.06
"0","7/17/23","Emerald Lake","6B",6,12,3,"Pre","Community","Present","Poaceae","Elymus","glaucus","ELGL","grass","perennial",7,6,1,0.07
"0","7/17/23","Emerald Lake","6B",6,12,3,"Pre","Community","Present","Liliaceae","Erythronium","grandiflorum","ERGR","forb","perennial",1,1,1,0.01
"0","7/17/23","Emerald Lake","6B",6,12,3,"Pre","Community","Present","Rosaceae","Fragaria","virginiana","FRVI","forb","perennial",2,5,0,0.02
"0","7/17/23","Emerald Lake","6B",6,12,3,"Pre","Community","Present","Geraniaceae","Geranium","richardsonii","GERI","forb","perennial",2.2,3,0,0.022
"0","7/17/23","Emerald Lake","6B",6,12,3,"Pre","Community","Present","Asteraceae","Helianthella","quinquenervis","HEQU","forb","perennial",12,10,1,0.12
"0","7/17/23","Emerald Lake","6B",6,12,3,"Pre","Community","Present","Apiaceae","Heracleum","maximum","HEMA","forb","perennial",3,1,0,0.03
"0","7/17/23","Emerald Lake","6B",6,12,3,"Pre","Community","Present","Asteraceae","Hymenoxys","hoopesii","HYHO","forb","perennial",6,5,1,0.06
"0","7/17/23","Emerald Lake","6B",6,12,3,"Pre","Community","Present","Apiaceae","Ligusticum","porteri","LIPO","forb","perennial",3,1,0,0.03
"0","7/17/23","Emerald Lake","6B",6,12,3,"Pre","Community","Present","Poaceae","Melica","spectabilis","MESP","grass","perennial",5,4,0,0.05
"0","7/17/23","Emerald Lake","6B",6,12,3,"Pre","Community","Present","Rosaceae","Potentilla","gracilis","POGR","forb","perennial",0.5,2,0,0.005
"0","7/17/23","Emerald Lake","6B",6,12,3,"Pre","Community","Present","Ranunculaceae","Ranunculus","inamoenus","RAIN","forb","perennial",0.1,1,0,0.001
"0","7/17/23","Emerald Lake","6B",6,12,3,"Pre","Community","Present","Grossulariaceae","Ribes","montigenum","RIMO","shrub","perennial",8,1,0,0.08
"0","7/17/23","Emerald Lake","6B",6,12,3,"Pre","Community","Present","Asteraceae","Senecio","crassulus","SECR","forb","perennial",2,4,0,0.02
"0","7/17/23","Emerald Lake","7A",7,13,4,"Pre","Castilleja","Present","Primulaceae","Androsace","septentrionalis","ANSE","forb","annual",0.3,2,0,0.003
"0","7/17/23","Emerald Lake","7A",7,13,4,"Pre","Castilleja","Present","Poaceae","Elymus","glaucus","ELGL","grass","perennial",4,6,1,0.04
"0","7/17/23","Emerald Lake","7A",7,13,4,"Pre","Castilleja","Present","Asteraceae","Erigeron","coulteri","ERCO","forb","perennial",1,1,0,0.01
"0","7/17/23","Emerald Lake","7A",7,13,4,"Pre","Castilleja","Present","Liliaceae","Erythronium","grandiflorum","ERGR","forb","perennial",1.5,3,0,0.015
"0","7/17/23","Emerald Lake","7A",7,13,4,"Pre","Castilleja","Present","Asteraceae","Helianthella","quinquenervis","HEQU","forb","perennial",6,4,0,0.06
"0","7/17/23","Emerald Lake","7A",7,13,4,"Pre","Castilleja","Present","Apiaceae","Heracleum","maximum","HEMA","forb","perennial",5,3,0,0.05
"0","7/17/23","Emerald Lake","7A",7,13,4,"Pre","Castilleja","Present","Asteraceae","Hymenoxys","hoopesii","HYHO","forb","perennial",6,6,1,0.06
"0","7/17/23","Emerald Lake","7A",7,13,4,"Pre","Castilleja","Present","Apiaceae","Ligusticum","porteri","LIPO","forb","perennial",3,3,0,0.03
"0","7/17/23","Emerald Lake","7A",7,13,4,"Pre","Castilleja","Present","Fabaceae","Lupinus","argentus","LUAR","legume","perennial",5,11,0,0.05
"0","7/17/23","Emerald Lake","7A",7,13,4,"Pre","Castilleja","Present","Poaceae","Melica","spectabilis","MESP","grass","perennial",6,6,0,0.06
"0","7/17/23","Emerald Lake","7A",7,13,4,"Pre","Castilleja","Present","Rosaceae","Potentilla","gracilis","POGR","forb","perennial",2,4,0,0.02
"0","7/17/23","Emerald Lake","7A",7,13,4,"Pre","Castilleja","Present","Asteraceae","Senecio","crassulus","SECR","forb","perennial",2,2,0,0.02
"0","7/17/23","Emerald Lake","7A",7,13,4,"Pre","Castilleja","Present","Violaceae","Viola","nuttallii","VINU","forb","perennial",1,2,0,0.01
"0","7/17/23","Emerald Lake","7B",7,14,4,"Pre","Castilleja","Removed","Primulaceae","Androsace","septentrionalis","ANSE","forb","annual",0.5,3,0,0.005
"0","7/17/23","Emerald Lake","7B",7,14,4,"Pre","Castilleja","Removed","Ranunculaceae","Aquilegia","Coerulea","AQCO","forb","perennial",2,1,0,0.02
"0","7/17/23","Emerald Lake","7B",7,14,4,"Pre","Castilleja","Removed","Brassicaceae","Barbarea","vulgaris","BAVU","forb","biennial",0.1,2,0,0.001
"0","7/17/23","Emerald Lake","7B",7,14,4,"Pre","Castilleja","Removed","Onagraceae","Chamaenuerion","angustifolium","CHAN","forb","perennial",5,5,0,0.05
"0","7/17/23","Emerald Lake","7B",7,14,4,"Pre","Castilleja","Removed","Ranunculaceae","Delphinium","barbeyi","DEBA","forb","perennial",1,1,1,0.01
"0","7/17/23","Emerald Lake","7B",7,14,4,"Pre","Castilleja","Removed","Poaceae","Elymus","glaucus","ELGL","grass","perennial",5,8,0,0.05
"0","7/17/23","Emerald Lake","7B",7,14,4,"Pre","Castilleja","Removed","Asteraceae","Erigeron","coulteri","ERCO","forb","perennial",1,1,0,0.01
"0","7/17/23","Emerald Lake","7B",7,14,4,"Pre","Castilleja","Removed","Liliaceae","Erythronium","grandiflorum","ERGR","forb","perennial",1,4,0,0.01
"0","7/17/23","Emerald Lake","7B",7,14,4,"Pre","Castilleja","Removed","Rosaceae","Fragaria","virginiana","FRVI","forb","perennial",2,4,0,0.02
"0","7/17/23","Emerald Lake","7B",7,14,4,"Pre","Castilleja","Removed","Asteraceae","Helianthella","quinquenervis","HEQU","forb","perennial",15,7,1,0.15
"0","7/17/23","Emerald Lake","7B",7,14,4,"Pre","Castilleja","Removed","Asteraceae","Hymenoxys","hoopesii","HYHO","forb","perennial",1,1,0,0.01
"0","7/17/23","Emerald Lake","7B",7,14,4,"Pre","Castilleja","Removed","Apiaceae","Ligusticum","porteri","LIPO","forb","perennial",4,1,0,0.04
"0","7/17/23","Emerald Lake","7B",7,14,4,"Pre","Castilleja","Removed","Poaceae","Melica","spectabilis","MESP","grass","perennial",2,4,0,0.02
"0","7/17/23","Emerald Lake","7B",7,14,4,"Pre","Castilleja","Removed","Ranunculaceae","Ranunculus","inamoenus","RAIN","forb","perennial",0.1,1,0,0.001
"0","7/17/23","Emerald Lake","7B",7,14,4,"Pre","Castilleja","Removed","Asteraceae","Senecio","crassulus","SECR","forb","perennial",2,2,0,0.02
"0","7/17/23","Emerald Lake","7B",7,14,4,"Pre","Castilleja","Removed","Caprifoliaceae","Valeriana","occidentalis","VAOC","forb","perennial",1.5,3,0,0.015
"0","7/17/23","Emerald Lake","7B",7,14,4,"Pre","Castilleja","Removed","Violaceae","Viola","nuttallii","VINU","forb","perennial",1,1,1,0.01
"0","7/17/23","Emerald Lake","8A",8,15,4,"Pre","Control","Present","Primulaceae","Androsace","septentrionalis","ANSE","forb","annual",0.5,5,0,0.005
"0","7/17/23","Emerald Lake","8A",8,15,4,"Pre","Control","Present","Brassicaceae","Barbarea","vulgaris","BAVU","forb","biennial",1,1,0,0.01
"0","7/17/23","Emerald Lake","8A",8,15,4,"Pre","Control","Present","Onagraceae","Chamaenuerion","angustifolium","CHAN","forb","perennial",5,6,1,0.05
"0","7/17/23","Emerald Lake","8A",8,15,4,"Pre","Control","Present","Poaceae","Elymus","glaucus","ELGL","grass","perennial",7,11,1,0.07
"0","7/17/23","Emerald Lake","8A",8,15,4,"Pre","Control","Present","Asteraceae","Erigeron","coulteri","ERCO","forb","perennial",1,1,0,0.01
"0","7/17/23","Emerald Lake","8A",8,15,4,"Pre","Control","Present","Rosaceae","Fragaria","virginiana","FRVI","forb","perennial",0.2,1,0,0.002
"0","7/17/23","Emerald Lake","8A",8,15,4,"Pre","Control","Present","Asteraceae","Helianthella","quinquenervis","HEQU","forb","perennial",10,5,1,0.1
"0","7/17/23","Emerald Lake","8A",8,15,4,"Pre","Control","Present","Apiaceae","Heracleum","maximum","HEMA","forb","perennial",2,2,0,0.02
"0","7/17/23","Emerald Lake","8A",8,15,4,"Pre","Control","Present","Boraginaceae","Hydrophyllum","capitatum","HYCA","forb","perennial",0.1,1,0,0.001
"0","7/17/23","Emerald Lake","8A",8,15,4,"Pre","Control","Present","Asteraceae","Hymenoxys","hoopesii","HYHO","forb","perennial",1,1,0,0.01
"0","7/17/23","Emerald Lake","8A",8,15,4,"Pre","Control","Present","Apiaceae","Ligusticum","porteri","LIPO","forb","perennial",1,1,0,0.01
"0","7/17/23","Emerald Lake","8A",8,15,4,"Pre","Control","Present","Fabaceae","Lupinus","argentus","LUAR","legume","perennial",6,12,0,0.06
"0","7/17/23","Emerald Lake","8A",8,15,4,"Pre","Control","Present","Poaceae","Melica","spectabilis","MESP","grass","perennial",5,6,0,0.05
"0","7/17/23","Emerald Lake","8A",8,15,4,"Pre","Control","Present","Rosaceae","Potentilla","gracilis","POGR","forb","perennial",2,4,1,0.02
"0","7/17/23","Emerald Lake","8A",8,15,4,"Pre","Control","Present","Asteraceae","Senecio","crassulus","SECR","forb","perennial",8,7,0,0.08
"0","7/19/23","Emerald Lake","8B",8,16,4,"Pre","Control","Removed","Primulaceae","Androsace","septentrionalis","ANSE","forb","annual",0.1,1,0,0.001
"0","7/19/23","Emerald Lake","8B",8,16,4,"Pre","Control","Removed","Onagraceae","Chamaenuerion","angustifolium","CHAN","forb","perennial",8,6,0,0.08
"0","7/19/23","Emerald Lake","8B",8,16,4,"Pre","Control","Removed","Ranunculaceae","Delphinium","barbeyi","DEBA","forb","perennial",4,3,1,0.04
"0","7/19/23","Emerald Lake","8B",8,16,4,"Pre","Control","Removed","Poaceae","Elymus","glaucus","ELGL","grass","perennial",1,4,0,0.01
"0","7/19/23","Emerald Lake","8B",8,16,4,"Pre","Control","Removed","Asteraceae","Erigeron","coulteri","ERCO","forb","perennial",1.5,2,0,0.015
"0","7/19/23","Emerald Lake","8B",8,16,4,"Pre","Control","Removed","Liliaceae","Erythronium","grandiflorum","ERGR","forb","perennial",3,8,0,0.03
"0","7/19/23","Emerald Lake","8B",8,16,4,"Pre","Control","Removed","Asteraceae","Helianthella","quinquenervis","HEQU","forb","perennial",12,7,1,0.12
"0","7/19/23","Emerald Lake","8B",8,16,4,"Pre","Control","Removed","Asteraceae","Hymenoxys","hoopesii","HYHO","forb","perennial",0.5,2,0,0.005
"0","7/19/23","Emerald Lake","8B",8,16,4,"Pre","Control","Removed","Poaceae","Melica","spectabilis","MESP","grass","perennial",10,13,1,0.1
"0","7/19/23","Emerald Lake","8B",8,16,4,"Pre","Control","Removed","Rosaceae","Potentilla","gracilis","POGR","forb","perennial",0.5,1,0,0.005
"0","7/19/23","Emerald Lake","8B",8,16,4,"Pre","Control","Removed","Asteraceae","Senecio","crassulus","SECR","forb","perennial",6,5,0,0.06
"0","7/19/23","Emerald Lake","8B",8,16,4,"Pre","Control","Removed","Caprifoliaceae","Valeriana","occidentalis","VAOC","forb","perennial",1,2,0,0.01
"0","7/17/23","Emerald Lake","9A",9,17,5,"Pre","Mixed","Present","Primulaceae","Androsace","septentrionalis","ANSE","forb","annual",2,11,1,0.02
"0","7/17/23","Emerald Lake","9A",9,17,5,"Pre","Mixed","Present","Brassicaceae","Barbarea","vulgaris","BAVU","forb","biennial",0.5,3,0,0.005
"0","7/17/23","Emerald Lake","9A",9,17,5,"Pre","Mixed","Present","Onagraceae","Chamaenuerion","angustifolium","CHAN","forb","perennial",12,15,0,0.12
"0","7/17/23","Emerald Lake","9A",9,17,5,"Pre","Mixed","Present","Ranunculaceae","Delphinium","barbeyi","DEBA","forb","perennial",6,2,1,0.06
"0","7/17/23","Emerald Lake","9A",9,17,5,"Pre","Mixed","Present","Poaceae","Elymus","glaucus","ELGL","grass","perennial",6,8,1,0.06
"0","7/17/23","Emerald Lake","9A",9,17,5,"Pre","Mixed","Present","Asteraceae","Erigeron","coulteri","ERCO","forb","perennial",0.5,1,0,0.005
"0","7/17/23","Emerald Lake","9A",9,17,5,"Pre","Mixed","Present","Rosaceae","Fragaria","virginiana","FRVI","forb","perennial",0.1,1,0,0.001
"0","7/17/23","Emerald Lake","9A",9,17,5,"Pre","Mixed","Present","Geraniaceae","Geranium","richardsonii","GERI","forb","perennial",0.1,1,0,0.001
"0","7/17/23","Emerald Lake","9A",9,17,5,"Pre","Mixed","Present","Asteraceae","Helianthella","quinquenervis","HEQU","forb","perennial",0.5,1,1,0.005
"0","7/17/23","Emerald Lake","9A",9,17,5,"Pre","Mixed","Present","Apiaceae","Heracleum","maximum","HEMA","forb","perennial",1,1,0,0.01
"0","7/17/23","Emerald Lake","9A",9,17,5,"Pre","Mixed","Present","Asteraceae","Hymenoxys","hoopesii","HYHO","forb","perennial",5,3,1,0.05
"0","7/17/23","Emerald Lake","9A",9,17,5,"Pre","Mixed","Present","Apiaceae","Ligusticum","porteri","LIPO","forb","perennial",10,9,0,0.1
"0","7/17/23","Emerald Lake","9A",9,17,5,"Pre","Mixed","Present","Asteraceae","Senecio","crassulus","SECR","forb","perennial",3,6,0,0.03
"0","7/17/23","Emerald Lake","9B",9,18,5,"Pre","Mixed","Removed","Primulaceae","Androsace","septentrionalis","ANSE","forb","annual",3,17,1,0.03
"0","7/17/23","Emerald Lake","9B",9,18,5,"Pre","Mixed","Removed","Onagraceae","Chamaenuerion","angustifolium","CHAN","forb","perennial",12,17,1,0.12
"0","7/17/23","Emerald Lake","9B",9,18,5,"Pre","Mixed","Removed","Poaceae","Elymus","glaucus","ELGL","grass","perennial",2,5,1,0.02
"0","7/17/23","Emerald Lake","9B",9,18,5,"Pre","Mixed","Removed","Asteraceae","Erigeron","coulteri","ERCO","forb","perennial",1,1,1,0.01
"0","7/17/23","Emerald Lake","9B",9,18,5,"Pre","Mixed","Removed","Liliaceae","Erythronium","grandiflorum","ERGR","forb","perennial",2,5,0,0.02
"0","7/17/23","Emerald Lake","9B",9,18,5,"Pre","Mixed","Removed","Rosaceae","Fragaria","virginiana","FRVI","forb","perennial",2,6,0,0.02
"0","7/17/23","Emerald Lake","9B",9,18,5,"Pre","Mixed","Removed","Apiaceae","Heracleum","maximum","HEMA","forb","perennial",7,1,0,0.07
"0","7/17/23","Emerald Lake","9B",9,18,5,"Pre","Mixed","Removed","Asteraceae","Hymenoxys","hoopesii","HYHO","forb","perennial",5,6,0,0.05
"0","7/17/23","Emerald Lake","9B",9,18,5,"Pre","Mixed","Removed","Apiaceae","Ligusticum","porteri","LIPO","forb","perennial",5,2,0,0.05
"0","7/17/23","Emerald Lake","9B",9,18,5,"Pre","Mixed","Removed","Poaceae","Melica","spectabilis","MESP","grass","perennial",4,4,0,0.04
"0","7/17/23","Emerald Lake","9B",9,18,5,"Pre","Mixed","Removed","Boraginaceae","Mertensia","ciliata","MECI","forb","perennial",1,1,0,0.01
"0","7/17/23","Emerald Lake","9B",9,18,5,"Pre","Mixed","Removed","Asteraceae","Senecio","crassulus","SECR","forb","perennial",1,2,0,0.01
"0","7/17/23","Emerald Lake","10A",10,19,5,"Pre","Control","Present","Primulaceae","Androsace","septentrionalis","ANSE","forb","annual",0.1,2,0,0.001
"0","7/17/23","Emerald Lake","10A",10,19,5,"Pre","Control","Present","Brassicaceae","Barbarea","vulgaris","BAVU","forb","biennial",1,3,0,0.01
"0","7/17/23","Emerald Lake","10A",10,19,5,"Pre","Control","Present","Onagraceae","Chamaenuerion","angustifolium","CHAN","forb","perennial",15,21,1,0.15
"0","7/17/23","Emerald Lake","10A",10,19,5,"Pre","Control","Present","Ranunculaceae","Delphinium","barbeyi","DEBA","forb","perennial",5,1,0,0.05
"0","7/17/23","Emerald Lake","10A",10,19,5,"Pre","Control","Present","Poaceae","Elymus","glaucus","ELGL","grass","perennial",3,4,1,0.03
"0","7/17/23","Emerald Lake","10A",10,19,5,"Pre","Control","Present","Liliaceae","Erythronium","grandiflorum","ERGR","forb","perennial",1,1,0,0.01
"0","7/17/23","Emerald Lake","10A",10,19,5,"Pre","Control","Present","Geraniaceae","Geranium","richardsonii","GERI","forb","perennial",1,1,0,0.01
"0","7/17/23","Emerald Lake","10A",10,19,5,"Pre","Control","Present","Asteraceae","Hymenoxys","hoopesii","HYHO","forb","perennial",12,7,0,0.12
"0","7/17/23","Emerald Lake","10A",10,19,5,"Pre","Control","Present","Fabaceae","Lupinus","argentus","LUAR","legume","perennial",3,6,1,0.03
"0","7/17/23","Emerald Lake","10A",10,19,5,"Pre","Control","Present","Poaceae","Melica","spectabilis","MESP","grass","perennial",0.2,1,0,0.002
"0","7/17/23","Emerald Lake","10A",10,19,5,"Pre","Control","Present","Rosaceae","Potentilla","gracilis","POGR","forb","perennial",2,1,0,0.02
"0","7/17/23","Emerald Lake","10A",10,19,5,"Pre","Control","Present","Crassulaceae","Rhodiola","integrifolia","RHIN","forb","perennial",4,6,0,0.04
"0","7/17/23","Emerald Lake","10A",10,19,5,"Pre","Control","Present","Asteraceae","Senecio","crassulus","SECR","forb","perennial",2,3,1,0.02
"0","7/17/23","Emerald Lake","10B",10,20,5,"Pre","Control","Removed","Primulaceae","Androsace","septentrionalis","ANSE","forb","annual",0.5,4,0,0.005
"0","7/17/23","Emerald Lake","10B",10,20,5,"Pre","Control","Removed","Ranunculaceae","Aquilegia","Coerulea","AQCO","forb","perennial",4,1,0,0.04
"0","7/17/23","Emerald Lake","10B",10,20,5,"Pre","Control","Removed","Onagraceae","Chamaenuerion","angustifolium","CHAN","forb","perennial",3,4,0,0.03
"0","7/17/23","Emerald Lake","10B",10,20,5,"Pre","Control","Removed","Ranunculaceae","Delphinium","barbeyi","DEBA","forb","perennial",1,1,1,0.01
"0","7/17/23","Emerald Lake","10B",10,20,5,"Pre","Control","Removed","Poaceae","Elymus","glaucus","ELGL","grass","perennial",3,5,1,0.03
"0","7/17/23","Emerald Lake","10B",10,20,5,"Pre","Control","Removed","Asteraceae","Erigeron","coulteri","ERCO","forb","perennial",1,1,0,0.01
"0","7/17/23","Emerald Lake","10B",10,20,5,"Pre","Control","Removed","Liliaceae","Erythronium","grandiflorum","ERGR","forb","perennial",2.5,5,1,0.025
"0","7/17/23","Emerald Lake","10B",10,20,5,"Pre","Control","Removed","Rosaceae","Fragaria","virginiana","FRVI","forb","perennial",1,5,0,0.01
"0","7/17/23","Emerald Lake","10B",10,20,5,"Pre","Control","Removed","Boraginaceae","Hydrophyllum","capitatum","HYCA","forb","perennial",1,1,0,0.01
"0","7/17/23","Emerald Lake","10B",10,20,5,"Pre","Control","Removed","Asteraceae","Hymenoxys","hoopesii","HYHO","forb","perennial",3,3,1,0.03
"0","7/17/23","Emerald Lake","10B",10,20,5,"Pre","Control","Removed","Fabaceae","Lupinus","argentus","LUAR","legume","perennial",3.5,3,0,0.035
"0","7/17/23","Emerald Lake","10B",10,20,5,"Pre","Control","Removed","Rosaceae","Potentilla","gracilis","POGR","forb","perennial",8,9,0,0.08
"0","7/17/23","Emerald Lake","10B",10,20,5,"Pre","Control","Removed","Crassulaceae","Rhodiola","integrifolia","RHIN","forb","perennial",6,4,0,0.06
"0","7/17/23","Emerald Lake","10B",10,20,5,"Pre","Control","Removed","Asteraceae","Senecio","crassulus","SECR","forb","perennial",7,4,1,0.07
"0","7/17/23","Emerald Lake","11A",11,21,3,"Pre","Castilleja","Present","Ranunculaceae","Aquilegia","Coerulea","AQCO","forb","perennial",5,2,0,0.05
"0","7/17/23","Emerald Lake","11A",11,21,3,"Pre","Castilleja","Present","Onagraceae","Chamaenuerion","angustifolium","CHAN","forb","perennial",10,6,1,0.1
"0","7/17/23","Emerald Lake","11A",11,21,3,"Pre","Castilleja","Present","Ranunculaceae","Delphinium","barbeyi","DEBA","forb","perennial",1,1,1,0.01
"0","7/17/23","Emerald Lake","11A",11,21,3,"Pre","Castilleja","Present","Poaceae","Elymus","glaucus","ELGL","grass","perennial",6,9,1,0.06
"0","7/17/23","Emerald Lake","11A",11,21,3,"Pre","Castilleja","Present","Asteraceae","Erigeron","coulteri","ERCO","forb","perennial",2,1,0,0.02
"0","7/17/23","Emerald Lake","11A",11,21,3,"Pre","Castilleja","Present","Liliaceae","Erythronium","grandiflorum","ERGR","forb","perennial",2,1,0,0.02
"0","7/17/23","Emerald Lake","11A",11,21,3,"Pre","Castilleja","Present","Asteraceae","Helianthella","quinquenervis","HEQU","forb","perennial",1,1,0,0.01
"0","7/17/23","Emerald Lake","11A",11,21,3,"Pre","Castilleja","Present","Asteraceae","Hymenoxys","hoopesii","HYHO","forb","perennial",5,5,0,0.05
"0","7/17/23","Emerald Lake","11A",11,21,3,"Pre","Castilleja","Present","Apiaceae","Ligusticum","porteri","LIPO","forb","perennial",25,5,0,0.25
"0","7/17/23","Emerald Lake","11A",11,21,3,"Pre","Castilleja","Present","Poaceae","Melica","spectabilis","MESP","grass","perennial",10,7,1,0.1
"0","7/17/23","Emerald Lake","11A",11,21,3,"Pre","Castilleja","Present","Rosaceae","Potentilla","gracilis","POGR","forb","perennial",3,2,0,0.03
"0","7/17/23","Emerald Lake","11A",11,21,3,"Pre","Castilleja","Present","Asteraceae","Senecio","crassulus","SECR","forb","perennial",6,3,1,0.06
"0","7/17/23","Emerald Lake","11B",11,22,3,"Pre","Castilleja","Removed","Primulaceae","Androsace","septentrionalis","ANSE","forb","annual",2,5,0,0.02
"0","7/17/23","Emerald Lake","11B",11,22,3,"Pre","Castilleja","Removed","Brassicaceae","Barbarea","vulgaris","BAVU","forb","biennial",2,5,0,0.02
"0","7/17/23","Emerald Lake","11B",11,22,3,"Pre","Castilleja","Removed","Cyperaceae","Carex","Hoodii","CAHO","sedge","perennial",0.5,3,1,0.005
"0","7/17/23","Emerald Lake","11B",11,22,3,"Pre","Castilleja","Removed","Poaceae","Elymus","glaucus","ELGL","grass","perennial",2.5,4,0,0.025
"0","7/17/23","Emerald Lake","11B",11,22,3,"Pre","Castilleja","Removed","Asteraceae","Erigeron","speciosus","ERSP","forb","perennial",8,5,0,0.08
"0","7/17/23","Emerald Lake","11B",11,22,3,"Pre","Castilleja","Removed","Liliaceae","Erythronium","grandiflorum","ERGR","forb","perennial",0.8,2,1,0.008
"0","7/17/23","Emerald Lake","11B",11,22,3,"Pre","Castilleja","Removed","Rosaceae","Fragaria","virginiana","FRVI","forb","perennial",0.5,1,0,0.005
"0","7/17/23","Emerald Lake","11B",11,22,3,"Pre","Castilleja","Removed","Asteraceae","Helianthella","quinquenervis","HEQU","forb","perennial",15,7,0,0.15
"0","7/17/23","Emerald Lake","11B",11,22,3,"Pre","Castilleja","Removed","Boraginaceae","Hydrophyllum","capitatum","HYCA","forb","perennial",2,1,1,0.02
"0","7/17/23","Emerald Lake","11B",11,22,3,"Pre","Castilleja","Removed","Asteraceae","Hymenoxys","hoopesii","HYHO","forb","perennial",3,3,0,0.03
"0","7/17/23","Emerald Lake","11B",11,22,3,"Pre","Castilleja","Removed","Apiaceae","Ligusticum","porteri","LIPO","forb","perennial",4,2,0,0.04
"0","7/17/23","Emerald Lake","11B",11,22,3,"Pre","Castilleja","Removed","Fabaceae","Lupinus","argentus","LUAR","legume","perennial",3,2,0,0.03
"0","7/17/23","Emerald Lake","11B",11,22,3,"Pre","Castilleja","Removed","Poaceae","Melica","spectabilis","MESP","grass","perennial",5,8,1,0.05
"0","7/17/23","Emerald Lake","11B",11,22,3,"Pre","Castilleja","Removed","Boraginaceae","Mertensia","ciliata","MECI","forb","perennial",1.5,3,0,0.015
"0","7/17/23","Emerald Lake","11B",11,22,3,"Pre","Castilleja","Removed","Rosaceae","Potentilla","gracilis","POGR","forb","perennial",15,9,1,0.15
"0","7/17/23","Emerald Lake","11B",11,22,3,"Pre","Castilleja","Removed","Asteraceae","Senecio","crassulus","SECR","forb","perennial",1,1,0,0.01
"0","7/17/23","Emerald Lake","12A",12,23,3,"Pre","Control","Present","Primulaceae","Androsace","septentrionalis","ANSE","forb","annual",0.1,1,0,0.001
"0","7/17/23","Emerald Lake","12A",12,23,3,"Pre","Control","Present","Onagraceae","Chamaenuerion","angustifolium","CHAN","forb","perennial",25,4,0,0.25
"0","7/17/23","Emerald Lake","12A",12,23,3,"Pre","Control","Present","Poaceae","Elymus","glaucus","ELGL","grass","perennial",8,6,0,0.08
"0","7/17/23","Emerald Lake","12A",12,23,3,"Pre","Control","Present","Liliaceae","Erythronium","grandiflorum","ERGR","forb","perennial",1,3,0,0.01
"0","7/17/23","Emerald Lake","12A",12,23,3,"Pre","Control","Present","Apiaceae","Heracleum","maximum","HEMA","forb","perennial",5,1,0,0.05
"0","7/17/23","Emerald Lake","12A",12,23,3,"Pre","Control","Present","Asteraceae","Hymenoxys","hoopesii","HYHO","forb","perennial",3,1,0,0.03
"0","7/17/23","Emerald Lake","12A",12,23,3,"Pre","Control","Present","Apiaceae","Ligusticum","porteri","LIPO","forb","perennial",10,3,0,0.1
"0","7/17/23","Emerald Lake","12A",12,23,3,"Pre","Control","Present","Poaceae","Melica","spectabilis","MESP","grass","perennial",1,1,1,0.01
"0","7/17/23","Emerald Lake","12A",12,23,3,"Pre","Control","Present","Boraginaceae","Mertensia","ciliata","MECI","forb","perennial",5,7,1,0.05
"0","7/17/23","Emerald Lake","12A",12,23,3,"Pre","Control","Present","Rosaceae","Potentilla","gracilis","POGR","forb","perennial",1,1,0,0.01
"0","7/17/23","Emerald Lake","12A",12,23,3,"Pre","Control","Present","Grossulariaceae","Ribes","montigenum","RIMO","shrub","perennial",20,1,0,0.2
"0","7/17/23","Emerald Lake","12A",12,23,3,"Pre","Control","Present","Asteraceae","Senecio","crassulus","SECR","forb","perennial",3,3,0,0.03
"0","7/17/23","Emerald Lake","12A",12,23,3,"Pre","Control","Present","Caprifoliaceae","Valeriana","occidentalis","VAOC","forb","perennial",15,4,1,0.15
"0","7/17/23","Emerald Lake","12B",12,24,3,"Pre","Control","Removed","Onagraceae","Chamaenuerion","angustifolium","CHAN","forb","perennial",0.5,1,0,0.005
"0","7/17/23","Emerald Lake","12B",12,24,3,"Pre","Control","Removed","Ranunculaceae","Delphinium","barbeyi","DEBA","forb","perennial",0.5,1,0,0.005
"0","7/17/23","Emerald Lake","12B",12,24,3,"Pre","Control","Removed","Poaceae","Elymus","glaucus","ELGL","grass","perennial",4,11,1,0.04
"0","7/17/23","Emerald Lake","12B",12,24,3,"Pre","Control","Removed","Asteraceae","Erigeron","coulteri","ERCO","forb","perennial",3,2,1,0.03
"0","7/17/23","Emerald Lake","12B",12,24,3,"Pre","Control","Removed","Liliaceae","Erythronium","grandiflorum","ERGR","forb","perennial",1.5,3,0,0.015
"0","7/17/23","Emerald Lake","12B",12,24,3,"Pre","Control","Removed","Rosaceae","Fragaria","virginiana","FRVI","forb","perennial",6,5,1,0.06
"0","7/17/23","Emerald Lake","12B",12,24,3,"Pre","Control","Removed","Asteraceae","Helianthella","quinquenervis","HEQU","forb","perennial",15,11,0,0.15
"0","7/17/23","Emerald Lake","12B",12,24,3,"Pre","Control","Removed","Apiaceae","Heracleum","maximum","HEMA","forb","perennial",25,2,0,0.25
"0","7/17/23","Emerald Lake","12B",12,24,3,"Pre","Control","Removed","Asteraceae","Hymenoxys","hoopesii","HYHO","forb","perennial",3,3,0,0.03
"0","7/17/23","Emerald Lake","12B",12,24,3,"Pre","Control","Removed","Apiaceae","Ligusticum","porteri","LIPO","forb","perennial",5,2,0,0.05
"0","7/17/23","Emerald Lake","12B",12,24,3,"Pre","Control","Removed","Poaceae","Melica","spectabilis","MESP","grass","perennial",2,4,0,0.02
"0","7/17/23","Emerald Lake","12B",12,24,3,"Pre","Control","Removed","Rosaceae","Potentilla","gracilis","POGR","forb","perennial",8,5,0,0.08
"0","7/17/23","Emerald Lake","12B",12,24,3,"Pre","Control","Removed","Grossulariaceae","Ribes","montigenum","RIMO","shrub","perennial",10,1,0,0.1
"0","7/17/23","Emerald Lake","12B",12,24,3,"Pre","Control","Removed","Caprifoliaceae","Valeriana","occidentalis","VAOC","forb","perennial",5,3,1,0.05
"0","7/19/23","Emerald Lake","13A",13,25,1,"Pre","Control","Removed","Primulaceae","Androsace","septentrionalis","ANSE","forb","annual",0.2,5,0,0.002
"0","7/19/23","Emerald Lake","13A",13,25,1,"Pre","Control","Removed","Ranunculaceae","Aquilegia","Coerulea","AQCO","forb","perennial",5,1,0,0.05
"0","7/19/23","Emerald Lake","13A",13,25,1,"Pre","Control","Removed","Cyperaceae","Carex","Hoodii","CAHO","sedge","perennial",1,3,1,0.01
"0","7/19/23","Emerald Lake","13A",13,25,1,"Pre","Control","Removed","Onagraceae","Chamaenuerion","angustifolium","CHAN","forb","perennial",0.5,1,0,0.005
"0","7/19/23","Emerald Lake","13A",13,25,1,"Pre","Control","Removed","Poaceae","Elymus","glaucus","ELGL","grass","perennial",4,6,0,0.04
"0","7/19/23","Emerald Lake","13A",13,25,1,"Pre","Control","Removed","Asteraceae","Erigeron","coulteri","ERCO","forb","perennial",1,2,1,0.01
"0","7/19/23","Emerald Lake","13A",13,25,1,"Pre","Control","Removed","Liliaceae","Erythronium","grandiflorum","ERGR","forb","perennial",0.5,1,0,0.005
"0","7/19/23","Emerald Lake","13A",13,25,1,"Pre","Control","Removed","Rosaceae","Fragaria","virginiana","FRVI","forb","perennial",2,11,0,0.02
"0","7/19/23","Emerald Lake","13A",13,25,1,"Pre","Control","Removed","Asteraceae","Helianthella","quinquenervis","HEQU","forb","perennial",10,7,0,0.1
"0","7/19/23","Emerald Lake","13A",13,25,1,"Pre","Control","Removed","Boraginaceae","Hydrophyllum","capitatum","HYCA","forb","perennial",0.5,1,0,0.005
"0","7/19/23","Emerald Lake","13A",13,25,1,"Pre","Control","Removed","Asteraceae","Hymenoxys","hoopesii","HYHO","forb","perennial",1.5,1,0,0.015
"0","7/19/23","Emerald Lake","13A",13,25,1,"Pre","Control","Removed","Apiaceae","Ligusticum","porteri","LIPO","forb","perennial",25,3,1,0.25
"0","7/19/23","Emerald Lake","13A",13,25,1,"Pre","Control","Removed","Fabaceae","Lupinus","argentus","LUAR","legume","perennial",5,8,0,0.05
"0","7/19/23","Emerald Lake","13A",13,25,1,"Pre","Control","Removed","Poaceae","Melica","spectabilis","MESP","grass","perennial",2,2,0,0.02
"0","7/19/23","Emerald Lake","13A",13,25,1,"Pre","Control","Removed","Rosaceae","Potentilla","gracilis","POGR","forb","perennial",10,15,1,0.1
"0","7/19/23","Emerald Lake","13A",13,25,1,"Pre","Control","Removed","Asteraceae","Senecio","crassulus","SECR","forb","perennial",1,1,0,0.01
"0","7/19/23","Emerald Lake","13A",13,25,1,"Pre","Control","Removed","Caprifoliaceae","Valeriana","occidentalis","VAOC","forb","perennial",3,6,0,0.03
"0","7/19/23","Emerald Lake","13B",13,26,1,"Pre","Control","Present","Primulaceae","Androsace","septentrionalis","ANSE","forb","annual",0.1,1,0,0.001
"0","7/19/23","Emerald Lake","13B",13,26,1,"Pre","Control","Present","Cyperaceae","Carex","Hoodii","CAHO","sedge","perennial",2,3,1,0.02
"0","7/19/23","Emerald Lake","13B",13,26,1,"Pre","Control","Present","Ranunculaceae","Delphinium","barbeyi","DEBA","forb","perennial",2,1,0,0.02
"0","7/19/23","Emerald Lake","13B",13,26,1,"Pre","Control","Present","Poaceae","Elymus","glaucus","ELGL","grass","perennial",4,6,0,0.04
"0","7/19/23","Emerald Lake","13B",13,26,1,"Pre","Control","Present","Asteraceae","Erigeron","coulteri","ERCO","forb","perennial",2,1,0,0.02
"0","7/19/23","Emerald Lake","13B",13,26,1,"Pre","Control","Present","Liliaceae","Erythronium","grandiflorum","ERGR","forb","perennial",8,3,0,0.08
"0","7/19/23","Emerald Lake","13B",13,26,1,"Pre","Control","Present","Rosaceae","Fragaria","virginiana","FRVI","forb","perennial",3,7,0,0.03
"0","7/19/23","Emerald Lake","13B",13,26,1,"Pre","Control","Present","Asteraceae","Helianthella","quinquenervis","HEQU","forb","perennial",15,10,1,0.15
"0","7/19/23","Emerald Lake","13B",13,26,1,"Pre","Control","Present","Apiaceae","Ligusticum","porteri","LIPO","forb","perennial",15,2,0,0.15
"0","7/19/23","Emerald Lake","13B",13,26,1,"Pre","Control","Present","Fabaceae","Lupinus","argentus","LUAR","legume","perennial",2,5,1,0.02
"0","7/19/23","Emerald Lake","13B",13,26,1,"Pre","Control","Present","Poaceae","Melica","spectabilis","MESP","grass","perennial",5,5,0,0.05
"0","7/19/23","Emerald Lake","13B",13,26,1,"Pre","Control","Present","Boraginaceae","Mertensia","ciliata","MECI","forb","perennial",1,1,0,0.01
"0","7/19/23","Emerald Lake","13B",13,26,1,"Pre","Control","Present","Rosaceae","Potentilla","gracilis","POGR","forb","perennial",8,11,1,0.08
"0","7/19/23","Emerald Lake","13B",13,26,1,"Pre","Control","Present","Caprifoliaceae","Valeriana","occidentalis","VAOC","forb","perennial",6,6,0,0.06
"0","7/19/23","Emerald Lake","14A",14,27,1,"Pre","Community","Present","Poaceae","Elymus","glaucus","ELGL","grass","perennial",3,8,1,0.03
"0","7/19/23","Emerald Lake","14A",14,27,1,"Pre","Community","Present","Asteraceae","Erigeron","coulteri","ERCO","forb","perennial",1,1,0,0.01
"0","7/19/23","Emerald Lake","14A",14,27,1,"Pre","Community","Present","Liliaceae","Erythronium","grandiflorum","ERGR","forb","perennial",0.5,1,0,0.005
"0","7/19/23","Emerald Lake","14A",14,27,1,"Pre","Community","Present","Geraniaceae","Geranium","richardsonii","GERI","forb","perennial",1.5,1,0,0.015
"0","7/19/23","Emerald Lake","14A",14,27,1,"Pre","Community","Present","Asteraceae","Helianthella","quinquenervis","HEQU","forb","perennial",7,4,0,0.07
"0","7/19/23","Emerald Lake","14A",14,27,1,"Pre","Community","Present","Asteraceae","Hymenoxys","hoopesii","HYHO","forb","perennial",6,4,1,0.06
"0","7/19/23","Emerald Lake","14A",14,27,1,"Pre","Community","Present","Apiaceae","Ligusticum","porteri","LIPO","forb","perennial",5,2,0,0.05
"0","7/19/23","Emerald Lake","14A",14,27,1,"Pre","Community","Present","Poaceae","Melica","spectabilis","MESP","grass","perennial",0.5,1,0,0.005
"0","7/19/23","Emerald Lake","14A",14,27,1,"Pre","Community","Present","Rosaceae","Potentilla","gracilis","POGR","forb","perennial",2,1,0,0.02
"0","7/19/23","Emerald Lake","14A",14,27,1,"Pre","Community","Present","Grossulariaceae","Ribes","montigenum","RIMO","shrub","perennial",30,4,0,0.3
"0","7/19/23","Emerald Lake","14A",14,27,1,"Pre","Community","Present","Asteraceae","Senecio","crassulus","SECR","forb","perennial",2,1,0,0.02
"0","7/19/23","Emerald Lake","14B",14,28,1,"Pre","Community","Removed","Primulaceae","Androsace","septentrionalis","ANSE","forb","annual",0.2,2,0,0.002
"0","7/19/23","Emerald Lake","14B",14,28,1,"Pre","Community","Removed","Cyperaceae","Carex","Hoodii","CAHO","sedge","perennial",0.2,2,0,0.002
"0","7/19/23","Emerald Lake","14B",14,28,1,"Pre","Community","Removed","Ranunculaceae","Delphinium","barbeyi","DEBA","forb","perennial",1,1,0,0.01
"0","7/19/23","Emerald Lake","14B",14,28,1,"Pre","Community","Removed","Poaceae","Elymus","glaucus","ELGL","grass","perennial",6,8,1,0.06
"0","7/19/23","Emerald Lake","14B",14,28,1,"Pre","Community","Removed","Liliaceae","Erythronium","grandiflorum","ERGR","forb","perennial",1,2,1,0.01
"0","7/19/23","Emerald Lake","14B",14,28,1,"Pre","Community","Removed","Rosaceae","Fragaria","virginiana","FRVI","forb","perennial",1,5,0,0.01
"0","7/19/23","Emerald Lake","14B",14,28,1,"Pre","Community","Removed","Asteraceae","Helianthella","quinquenervis","HEQU","forb","perennial",2,4,0,0.02
"0","7/19/23","Emerald Lake","14B",14,28,1,"Pre","Community","Removed","Apiaceae","Heracleum","maximum","HEMA","forb","perennial",8,1,0,0.08
"0","7/19/23","Emerald Lake","14B",14,28,1,"Pre","Community","Removed","Asteraceae","Hymenoxys","hoopesii","HYHO","forb","perennial",6,6,0,0.06
"0","7/19/23","Emerald Lake","14B",14,28,1,"Pre","Community","Removed","Poaceae","Melica","spectabilis","MESP","grass","perennial",6,4,0,0.06
"0","7/19/23","Emerald Lake","14B",14,28,1,"Pre","Community","Removed","Brassicaceae","Noccaea","fendleri","NOFE","forb","perennial",0.1,3,0,0.001
"0","7/19/23","Emerald Lake","14B",14,28,1,"Pre","Community","Removed","Grossulariaceae","Ribes","montigenum","RIMO","shrub","perennial",25,1,0,0.25
"0","7/19/23","Emerald Lake","14B",14,28,1,"Pre","Community","Removed","Asteraceae","Senecio","crassulus","SECR","forb","perennial",3,5,0,0.03
"0","7/19/23","Emerald Lake","15A",15,29,1,"Pre","Castilleja","Present","Primulaceae","Androsace","septentrionalis","ANSE","forb","annual",0.2,5,0,0.002
"0","7/19/23","Emerald Lake","15A",15,29,1,"Pre","Castilleja","Present","Brassicaceae","Barbarea","vulgaris","BAVU","forb","biennial",0.1,1,0,0.001
"0","7/19/23","Emerald Lake","15A",15,29,1,"Pre","Castilleja","Present","Ranunculaceae","Delphinium","barbeyi","DEBA","forb","perennial",0.2,1,0,0.002
"0","7/19/23","Emerald Lake","15A",15,29,1,"Pre","Castilleja","Present","Poaceae","Elymus","glaucus","ELGL","grass","perennial",18,21,1,0.18
"0","7/19/23","Emerald Lake","15A",15,29,1,"Pre","Castilleja","Present","Asteraceae","Erigeron","coulteri","ERCO","forb","perennial",0.5,1,0,0.005
"0","7/19/23","Emerald Lake","15A",15,29,1,"Pre","Castilleja","Present","Liliaceae","Erythronium","grandiflorum","ERGR","forb","perennial",2,4,1,0.02
"0","7/19/23","Emerald Lake","15A",15,29,1,"Pre","Castilleja","Present","Asteraceae","Helianthella","quinquenervis","HEQU","forb","perennial",5,4,0,0.05
"0","7/19/23","Emerald Lake","15A",15,29,1,"Pre","Castilleja","Present","Apiaceae","Heracleum","maximum","HEMA","forb","perennial",0.1,1,0,0.001
"0","7/19/23","Emerald Lake","15A",15,29,1,"Pre","Castilleja","Present","Asteraceae","Hymenoxys","hoopesii","HYHO","forb","perennial",0.5,1,0,0.005
"0","7/19/23","Emerald Lake","15A",15,29,1,"Pre","Castilleja","Present","Apiaceae","Ligusticum","porteri","LIPO","forb","perennial",7,1,0,0.07
"0","7/19/23","Emerald Lake","15A",15,29,1,"Pre","Castilleja","Present","Fabaceae","Lupinus","argentus","LUAR","legume","perennial",3,5,1,0.03
"0","7/19/23","Emerald Lake","15A",15,29,1,"Pre","Castilleja","Present","Rosaceae","Potentilla","gracilis","POGR","forb","perennial",3,5,1,0.03
"0","7/19/23","Emerald Lake","15A",15,29,1,"Pre","Castilleja","Present","Crassulaceae","Rhodiola","integrifolia","RHIN","forb","perennial",0.2,1,0,0.002
"0","7/19/23","Emerald Lake","15A",15,29,1,"Pre","Castilleja","Present","Caprifoliaceae","Valeriana","occidentalis","VAOC","forb","perennial",0.5,2,1,0.005
"0","7/19/23","Emerald Lake","15A",15,29,1,"Pre","Castilleja","Present","Violaceae","Viola","nuttallii","VINU","forb","perennial",1,1,0,0.01
"0","7/19/23","Emerald Lake","15B",15,30,1,"Pre","Castilleja","Removed","Primulaceae","Androsace","septentrionalis","ANSE","forb","annual",0.2,3,0,0.002
"0","7/19/23","Emerald Lake","15B",15,30,1,"Pre","Castilleja","Removed","Brassicaceae","Barbarea","vulgaris","BAVU","forb","biennial",0.3,2,0,0.003
"0","7/19/23","Emerald Lake","15B",15,30,1,"Pre","Castilleja","Removed","Poaceae","Elymus","glaucus","ELGL","grass","perennial",10,21,0,0.1
"0","7/19/23","Emerald Lake","15B",15,30,1,"Pre","Castilleja","Removed","Asteraceae","Erigeron","coulteri","ERCO","forb","perennial",0.1,1,0,0.001
"0","7/19/23","Emerald Lake","15B",15,30,1,"Pre","Castilleja","Removed","Liliaceae","Erythronium","grandiflorum","ERGR","forb","perennial",2.5,4,1,0.025
"0","7/19/23","Emerald Lake","15B",15,30,1,"Pre","Castilleja","Removed","Asteraceae","Helianthella","quinquenervis","HEQU","forb","perennial",1,2,0,0.01
"0","7/19/23","Emerald Lake","15B",15,30,1,"Pre","Castilleja","Removed","Apiaceae","Ligusticum","porteri","LIPO","forb","perennial",2,1,0,0.02
"0","7/19/23","Emerald Lake","15B",15,30,1,"Pre","Castilleja","Removed","Fabaceae","Lupinus","argentus","LUAR","legume","perennial",3,7,1,0.03
"0","7/19/23","Emerald Lake","15B",15,30,1,"Pre","Castilleja","Removed","Brassicaceae","Noccaea","fendleri","NOFE","forb","perennial",0.1,1,0,0.001
"0","7/19/23","Emerald Lake","15B",15,30,1,"Pre","Castilleja","Removed","Rosaceae","Potentilla","gracilis","POGR","forb","perennial",1,1,0,0.01
"0","7/19/23","Emerald Lake","15B",15,30,1,"Pre","Castilleja","Removed","Asteraceae","Senecio","crassulus","SECR","forb","perennial",4,4,0,0.04
"0","7/19/23","Emerald Lake","16A",16,31,2,"Pre","Control","Present","Primulaceae","Androsace","septentrionalis","ANSE","forb","annual",2,12,0,0.02
"0","7/19/23","Emerald Lake","16A",16,31,2,"Pre","Control","Present","Brassicaceae","Barbarea","vulgaris","BAVU","forb","biennial",1,6,0,0.01
"0","7/19/23","Emerald Lake","16A",16,31,2,"Pre","Control","Present","Onagraceae","Chamaenuerion","angustifolium","CHAN","forb","perennial",0.1,1,0,0.001
"0","7/19/23","Emerald Lake","16A",16,31,2,"Pre","Control","Present","Poaceae","Elymus","glaucus","ELGL","grass","perennial",15,13,1,0.15
"0","7/19/23","Emerald Lake","16A",16,31,2,"Pre","Control","Present","Liliaceae","Erythronium","grandiflorum","ERGR","forb","perennial",0.1,1,0,0.001
"0","7/19/23","Emerald Lake","16A",16,31,2,"Pre","Control","Present","Asteraceae","Helianthella","quinquenervis","HEQU","forb","perennial",2,1,0,0.02
"0","7/19/23","Emerald Lake","16A",16,31,2,"Pre","Control","Present","Asteraceae","Hymenoxys","hoopesii","HYHO","forb","perennial",0.5,1,0,0.005
"0","7/19/23","Emerald Lake","16A",16,31,2,"Pre","Control","Present","Fabaceae","Lupinus","argentus","LUAR","legume","perennial",8,14,0,0.08
"0","7/19/23","Emerald Lake","16A",16,31,2,"Pre","Control","Present","Poaceae","Melica","spectabilis","MESP","grass","perennial",1,3,0,0.01
"0","7/19/23","Emerald Lake","16A",16,31,2,"Pre","Control","Present","Poaceae","Phleum","alpinum","PHAL","grass","perennial",0.1,1,0,0.001
"0","7/19/23","Emerald Lake","16A",16,31,2,"Pre","Control","Present","Rosaceae","Potentilla","gracilis","POGR","forb","perennial",2,5,0,0.02
"0","7/19/23","Emerald Lake","16A",16,31,2,"Pre","Control","Present","Asteraceae","Senecio","crassulus","SECR","forb","perennial",2,5,0,0.02
"0","7/19/23","Emerald Lake","16A",16,31,2,"Pre","Control","Present","Caprifoliaceae","Valeriana","occidentalis","VAOC","forb","perennial",2,8,1,0.02
"0","7/19/23","Emerald Lake","16B",16,32,2,"Pre","Control","Removed","Primulaceae","Androsace","septentrionalis","ANSE","forb","annual",0.2,5,0,0.002
"0","7/19/23","Emerald Lake","16B",16,32,2,"Pre","Control","Removed","Onagraceae","Chamaenuerion","angustifolium","CHAN","forb","perennial",5,7,0,0.05
"0","7/19/23","Emerald Lake","16B",16,32,2,"Pre","Control","Removed","Ranunculaceae","Delphinium","barbeyi","DEBA","forb","perennial",1.5,1,0,0.015
"0","7/19/23","Emerald Lake","16B",16,32,2,"Pre","Control","Removed","Poaceae","Elymus","glaucus","ELGL","grass","perennial",13,15,0,0.13
"0","7/19/23","Emerald Lake","16B",16,32,2,"Pre","Control","Removed","Asteraceae","Erigeron","coulteri","ERCO","forb","perennial",0.2,2,0,0.002
"0","7/19/23","Emerald Lake","16B",16,32,2,"Pre","Control","Removed","Liliaceae","Erythronium","grandiflorum","ERGR","forb","perennial",5,9,0,0.05
"0","7/19/23","Emerald Lake","16B",16,32,2,"Pre","Control","Removed","Asteraceae","Helianthella","quinquenervis","HEQU","forb","perennial",1,3,0,0.01
"0","7/19/23","Emerald Lake","16B",16,32,2,"Pre","Control","Removed","Fabaceae","Lupinus","argentus","LUAR","legume","perennial",6,7,1,0.06
"0","7/19/23","Emerald Lake","16B",16,32,2,"Pre","Control","Removed","Brassicaceae","Noccaea","fendleri","NOFE","forb","perennial",0.1,1,0,0.001
"0","7/19/23","Emerald Lake","16B",16,32,2,"Pre","Control","Removed","Rosaceae","Potentilla","gracilis","POGR","forb","perennial",5,5,0,0.05
"0","7/19/23","Emerald Lake","16B",16,32,2,"Pre","Control","Removed","Melanthiaceae","Veratrum","californicum","VECA","forb","perennial",3,1,0,0.03
"0","7/19/23","Emerald Lake","17A",17,33,4,"Pre","Community","Removed","Primulaceae","Androsace","septentrionalis","ANSE","forb","annual",2,16,0,0.02
"0","7/19/23","Emerald Lake","17A",17,33,4,"Pre","Community","Removed","Onagraceae","Chamaenuerion","angustifolium","CHAN","forb","perennial",4,4,1,0.04
"0","7/19/23","Emerald Lake","17A",17,33,4,"Pre","Community","Removed","Ranunculaceae","Delphinium","barbeyi","DEBA","forb","perennial",2,4,0,0.02
"0","7/19/23","Emerald Lake","17A",17,33,4,"Pre","Community","Removed","Poaceae","Elymus","glaucus","ELGL","grass","perennial",6,16,1,0.06
"0","7/19/23","Emerald Lake","17A",17,33,4,"Pre","Community","Removed","Asteraceae","Erigeron","coulteri","ERCO","forb","perennial",1,1,0,0.01
"0","7/19/23","Emerald Lake","17A",17,33,4,"Pre","Community","Removed","Rosaceae","Fragaria","virginiana","FRVI","forb","perennial",1,5,0,0.01
"0","7/19/23","Emerald Lake","17A",17,33,4,"Pre","Community","Removed","Asteraceae","Helianthella","quinquenervis","HEQU","forb","perennial",1,1,0,0.01
"0","7/19/23","Emerald Lake","17A",17,33,4,"Pre","Community","Removed","Apiaceae","Heracleum","maximum","HEMA","forb","perennial",2,1,0,0.02
"0","7/19/23","Emerald Lake","17A",17,33,4,"Pre","Community","Removed","Asteraceae","Hymenoxys","hoopesii","HYHO","forb","perennial",4,2,0,0.04
"0","7/19/23","Emerald Lake","17A",17,33,4,"Pre","Community","Removed","Fabaceae","Lupinus","argentus","LUAR","legume","perennial",3,6,0,0.03
"0","7/19/23","Emerald Lake","17A",17,33,4,"Pre","Community","Removed","Poaceae","Melica","spectabilis","MESP","grass","perennial",1,2,0,0.01
"0","7/19/23","Emerald Lake","17A",17,33,4,"Pre","Community","Removed","Asteraceae","Senecio","crassulus","SECR","forb","perennial",1.5,3,0,0.015
"0","7/19/23","Emerald Lake","17A",17,33,4,"Pre","Community","Removed","Caprifoliaceae","Valeriana","occidentalis","VAOC","forb","perennial",2.5,4,1,0.025
"0","7/19/23","Emerald Lake","17B",17,34,4,"Pre","Community","Present","Onagraceae","Chamaenuerion","angustifolium","CHAN","forb","perennial",8,4,0,0.08
"0","7/19/23","Emerald Lake","17B",17,34,4,"Pre","Community","Present","Ranunculaceae","Delphinium","barbeyi","DEBA","forb","perennial",1,1,0,0.01
"0","7/19/23","Emerald Lake","17B",17,34,4,"Pre","Community","Present","Poaceae","Elymus","glaucus","ELGL","grass","perennial",5,5,1,0.05
"0","7/19/23","Emerald Lake","17B",17,34,4,"Pre","Community","Present","Liliaceae","Erythronium","grandiflorum","ERGR","forb","perennial",1.5,3,0,0.015
"0","7/19/23","Emerald Lake","17B",17,34,4,"Pre","Community","Present","Rubiaceae","Galium","bifolium","GABI","forb","perennial",5,20,0,0.05
"0","7/19/23","Emerald Lake","17B",17,34,4,"Pre","Community","Present","Fabaceae","Lupinus","argentus","LUAR","legume","perennial",3,2,1,0.03
"0","7/19/23","Emerald Lake","17B",17,34,4,"Pre","Community","Present","Boraginaceae","Mertensia","ciliata","MECI","forb","perennial",8,3,0,0.08
"0","7/19/23","Emerald Lake","17B",17,34,4,"Pre","Community","Present","Brassicaceae","Noccaea","fendleri","NOFE","forb","perennial",0.1,2,0,0.001
"0","7/19/23","Emerald Lake","17B",17,34,4,"Pre","Community","Present","Poaceae","Poa","pretensis","POPR","grass","perennial",6,1,1,0.06
"0","7/19/23","Emerald Lake","17B",17,34,4,"Pre","Community","Present","Caprifoliaceae","Valeriana","occidentalis","VAOC","forb","perennial",1,2,0,0.01
"0","7/19/23","Emerald Lake","17B",17,34,4,"Pre","Community","Present","Melanthiaceae","Veratrum","californicum","VECA","forb","perennial",30,10,1,0.3
"0","7/19/23","Emerald Lake","18A",18,35,5,"Pre","Community","Present","Primulaceae","Androsace","septentrionalis","ANSE","forb","annual",0.2,2,0,0.002
"0","7/19/23","Emerald Lake","18A",18,35,5,"Pre","Community","Present","Onagraceae","Chamaenuerion","angustifolium","CHAN","forb","perennial",25,9,1,0.25
"0","7/19/23","Emerald Lake","18A",18,35,5,"Pre","Community","Present","Ranunculaceae","Delphinium","barbeyi","DEBA","forb","perennial",20,4,1,0.2
"0","7/19/23","Emerald Lake","18A",18,35,5,"Pre","Community","Present","Poaceae","Elymus","glaucus","ELGL","grass","perennial",5,8,1,0.05
"0","7/19/23","Emerald Lake","18A",18,35,5,"Pre","Community","Present","Liliaceae","Erythronium","grandiflorum","ERGR","forb","perennial",0.5,1,0,0.005
"0","7/19/23","Emerald Lake","18A",18,35,5,"Pre","Community","Present","Apiaceae","Heracleum","maximum","HEMA","forb","perennial",7,1,0,0.07
"0","7/19/23","Emerald Lake","18A",18,35,5,"Pre","Community","Present","Asteraceae","Hymenoxys","hoopesii","HYHO","forb","perennial",5,6,0,0.05
"0","7/19/23","Emerald Lake","18A",18,35,5,"Pre","Community","Present","Apiaceae","Ligusticum","porteri","LIPO","forb","perennial",8,1,0,0.08
"0","7/19/23","Emerald Lake","18A",18,35,5,"Pre","Community","Present","Fabaceae","Lupinus","argentus","LUAR","legume","perennial",3,2,0,0.03
"0","7/19/23","Emerald Lake","18A",18,35,5,"Pre","Community","Present","Boraginaceae","Mertensia","ciliata","MECI","forb","perennial",2,2,0,0.02
"0","7/19/23","Emerald Lake","18A",18,35,5,"Pre","Community","Present","Asteraceae","Senecio","crassulus","SECR","forb","perennial",0.5,1,0,0.005
"0","7/19/23","Emerald Lake","18A",18,35,5,"Pre","Community","Present","Caprifoliaceae","Valeriana","occidentalis","VAOC","forb","perennial",5,20,1,0.05
"0","7/19/23","Emerald Lake","18B",18,36,5,"Pre","Community","Removed","Onagraceae","Chamaenuerion","angustifolium","CHAN","forb","perennial",25,15,1,0.25
"0","7/19/23","Emerald Lake","18B",18,36,5,"Pre","Community","Removed","Ranunculaceae","Delphinium","barbeyi","DEBA","forb","perennial",3,2,0,0.03
"0","7/19/23","Emerald Lake","18B",18,36,5,"Pre","Community","Removed","Poaceae","Elymus","glaucus","ELGL","grass","perennial",5,6,0,0.05
"0","7/19/23","Emerald Lake","18B",18,36,5,"Pre","Community","Removed","Apiaceae","Heracleum","maximum","HEMA","forb","perennial",8,1,1,0.08
"0","7/19/23","Emerald Lake","18B",18,36,5,"Pre","Community","Removed","Asteraceae","Hymenoxys","hoopesii","HYHO","forb","perennial",3,3,0,0.03
"0","7/19/23","Emerald Lake","18B",18,36,5,"Pre","Community","Removed","Apiaceae","Ligusticum","porteri","LIPO","forb","perennial",7,1,0,0.07
"0","7/19/23","Emerald Lake","18B",18,36,5,"Pre","Community","Removed","Boraginaceae","Mertensia","ciliata","MECI","forb","perennial",7,6,1,0.07
"0","7/19/23","Emerald Lake","18B",18,36,5,"Pre","Community","Removed","Asteraceae","Senecio","crassulus","SECR","forb","perennial",2,2,0,0.02
"0","7/19/23","Emerald Lake","18B",18,36,5,"Pre","Community","Removed","Caprifoliaceae","Valeriana","occidentalis","VAOC","forb","perennial",3,5,1,0.03
"0","7/19/23","Emerald Lake","19A",19,37,5,"Pre","Castilleja","Present","Onagraceae","Chamaenuerion","angustifolium","CHAN","forb","perennial",30,6,0,0.3
"0","7/19/23","Emerald Lake","19A",19,37,5,"Pre","Castilleja","Present","Poaceae","Elymus","glaucus","ELGL","grass","perennial",8,13,1,0.08
"0","7/19/23","Emerald Lake","19A",19,37,5,"Pre","Castilleja","Present","Asteraceae","Erigeron","coulteri","ERCO","forb","perennial",1,2,0,0.01
"0","7/19/23","Emerald Lake","19A",19,37,5,"Pre","Castilleja","Present","Liliaceae","Erythronium","grandiflorum","ERGR","forb","perennial",0.5,1,0,0.005
"0","7/19/23","Emerald Lake","19A",19,37,5,"Pre","Castilleja","Present","Geraniaceae","Geranium","richardsonii","GERI","forb","perennial",6,3,0,0.06
"0","7/19/23","Emerald Lake","19A",19,37,5,"Pre","Castilleja","Present","Asteraceae","Hymenoxys","hoopesii","HYHO","forb","perennial",11,7,1,0.11
"0","7/19/23","Emerald Lake","19A",19,37,5,"Pre","Castilleja","Present","Boraginaceae","Mertensia","ciliata","MECI","forb","perennial",0.5,1,0,0.005
"0","7/19/23","Emerald Lake","19A",19,37,5,"Pre","Castilleja","Present","Brassicaceae","Noccaea","fendleri","NOFE","forb","perennial",0.1,1,0,0.001
"0","7/19/23","Emerald Lake","19A",19,37,5,"Pre","Castilleja","Present","Caprifoliaceae","Valeriana","occidentalis","VAOC","forb","perennial",15,35,0,0.15
"0","7/19/23","Emerald Lake","19B",19,38,5,"Pre","Castilleja","Removed","Onagraceae","Chamaenuerion","angustifolium","CHAN","forb","perennial",25,6,1,0.25
"0","7/19/23","Emerald Lake","19B",19,38,5,"Pre","Castilleja","Removed","Ranunculaceae","Delphinium","barbeyi","DEBA","forb","perennial",15,2,1,0.15
"0","7/19/23","Emerald Lake","19B",19,38,5,"Pre","Castilleja","Removed","Poaceae","Elymus","glaucus","ELGL","grass","perennial",7,4,0,0.07
"0","7/19/23","Emerald Lake","19B",19,38,5,"Pre","Castilleja","Removed","Asteraceae","Erigeron","coulteri","ERCO","forb","perennial",4,3,1,0.04
"0","7/19/23","Emerald Lake","19B",19,38,5,"Pre","Castilleja","Removed","Asteraceae","Hymenoxys","hoopesii","HYHO","forb","perennial",15,5,1,0.15
"0","7/19/23","Emerald Lake","19B",19,38,5,"Pre","Castilleja","Removed","Apiaceae","Ligusticum","porteri","LIPO","forb","perennial",10,1,0,0.1
"0","7/19/23","Emerald Lake","19B",19,38,5,"Pre","Castilleja","Removed","Fabaceae","Lupinus","argentus","LUAR","legume","perennial",7,8,1,0.07
"0","7/19/23","Emerald Lake","19B",19,38,5,"Pre","Castilleja","Removed","Poaceae","Melica","spectabilis","MESP","grass","perennial",10,2,0,0.1
"0","7/19/23","Emerald Lake","20A",20,39,4,"Pre","Mixed","Present","Onagraceae","Chamaenuerion","angustifolium","CHAN","forb","perennial",15,3,0,0.15
"0","7/19/23","Emerald Lake","20A",20,39,4,"Pre","Mixed","Present","Ranunculaceae","Delphinium","barbeyi","DEBA","forb","perennial",15,3,0,0.15
"0","7/19/23","Emerald Lake","20A",20,39,4,"Pre","Mixed","Present","Poaceae","Elymus","glaucus","ELGL","grass","perennial",4,4,1,0.04
"0","7/19/23","Emerald Lake","20A",20,39,4,"Pre","Mixed","Present","Onagraceae","Epilobium","ciliatum","EPCI","forb","perennial",2,5,0,0.02
"0","7/19/23","Emerald Lake","20A",20,39,4,"Pre","Mixed","Present","Liliaceae","Erythronium","grandiflorum","ERGR","forb","perennial",1,2,0,0.01
"0","7/19/23","Emerald Lake","20A",20,39,4,"Pre","Mixed","Present","Rubiaceae","Galium","bifolium","GABI","forb","perennial",1,10,0,0.01
"0","7/19/23","Emerald Lake","20A",20,39,4,"Pre","Mixed","Present","Geraniaceae","Geranium","richardsonii","GERI","forb","perennial",4,1,0,0.04
"0","7/19/23","Emerald Lake","20A",20,39,4,"Pre","Mixed","Present","Apiaceae","Heracleum","maximum","HEMA","forb","perennial",4,1,0,0.04
"0","7/19/23","Emerald Lake","20A",20,39,4,"Pre","Mixed","Present","Boraginaceae","Hydrophyllum","capitatum","HYCA","forb","perennial",3,2,0,0.03
"0","7/19/23","Emerald Lake","20A",20,39,4,"Pre","Mixed","Present","Fabaceae","Lupinus","argentus","LUAR","legume","perennial",2,1,1,0.02
"0","7/19/23","Emerald Lake","20A",20,39,4,"Pre","Mixed","Present","Boraginaceae","Mertensia","ciliata","MECI","forb","perennial",3,1,0,0.03
"0","7/19/23","Emerald Lake","20A",20,39,4,"Pre","Mixed","Present","Poaceae","Poa","pretensis","POPR","grass","perennial",12,7,0,0.12
"0","7/19/23","Emerald Lake","20A",20,39,4,"Pre","Mixed","Present","Rosaceae","Potentilla","gracilis","POGR","forb","perennial",5,5,1,0.05
"0","7/19/23","Emerald Lake","20A",20,39,4,"Pre","Mixed","Present","Ranunculaceae","Ranunculus","inamoenus","RAIN","forb","perennial",0.1,1,0,0.001
"0","7/19/23","Emerald Lake","20A",20,39,4,"Pre","Mixed","Present","Asteraceae","Senecio","crassulus","SECR","forb","perennial",4,2,0,0.04
"0","7/19/23","Emerald Lake","20A",20,39,4,"Pre","Mixed","Present","Fabaceae","Trifolium","hyBRPUidum","TRHY","legume","perennial",0.1,1,0,0.001
"0","7/19/23","Emerald Lake","20A",20,39,4,"Pre","Mixed","Present","Violaceae","Viola","nuttallii","VINU","forb","perennial",1,1,0,0.01
"0","7/19/23","Emerald Lake","20B",20,40,4,"Pre","Mixed","Removed","Onagraceae","Chamaenuerion","angustifolium","CHAN","forb","perennial",0.7,1,0,0.007
"0","7/19/23","Emerald Lake","20B",20,40,4,"Pre","Mixed","Removed","Poaceae","Elymus","glaucus","ELGL","grass","perennial",3,3,0,0.03
"0","7/19/23","Emerald Lake","20B",20,40,4,"Pre","Mixed","Removed","Asteraceae","Erigeron","coulteri","ERCO","forb","perennial",2,1,0,0.02
"0","7/19/23","Emerald Lake","20B",20,40,4,"Pre","Mixed","Removed","Liliaceae","Erythronium","grandiflorum","ERGR","forb","perennial",1.5,4,0,0.015
"0","7/19/23","Emerald Lake","20B",20,40,4,"Pre","Mixed","Removed","Rubiaceae","Galium","bifolium","GABI","forb","perennial",5,30,0,0.05
"0","7/19/23","Emerald Lake","20B",20,40,4,"Pre","Mixed","Removed","Geraniaceae","Geranium","richardsonii","GERI","forb","perennial",15,5,1,0.15
"0","7/19/23","Emerald Lake","20B",20,40,4,"Pre","Mixed","Removed","Apiaceae","Heracleum","maximum","HEMA","forb","perennial",20,1,0,0.2
"0","7/19/23","Emerald Lake","20B",20,40,4,"Pre","Mixed","Removed","Asteraceae","Hymenoxys","hoopesii","HYHO","forb","perennial",1.5,2,0,0.015
"0","7/19/23","Emerald Lake","20B",20,40,4,"Pre","Mixed","Removed","Fabaceae","Lupinus","argentus","LUAR","legume","perennial",1,4,1,0.01
"0","7/19/23","Emerald Lake","20B",20,40,4,"Pre","Mixed","Removed","Boraginaceae","Mertensia","ciliata","MECI","forb","perennial",2,3,0,0.02
"0","7/19/23","Emerald Lake","20B",20,40,4,"Pre","Mixed","Removed","Brassicaceae","Noccaea","fendleri","NOFE","forb","perennial",0.2,3,1,0.002
"0","7/19/23","Emerald Lake","20B",20,40,4,"Pre","Mixed","Removed","Rosaceae","Potentilla","gracilis","POGR","forb","perennial",4,1,0,0.04
"0","7/19/23","Emerald Lake","20B",20,40,4,"Pre","Mixed","Removed","Asteraceae","Senecio","crassulus","SECR","forb","perennial",8,1,1,0.08
"0","7/19/23","Emerald Lake","20B",20,40,4,"Pre","Mixed","Removed","Caprifoliaceae","Valeriana","occidentalis","VAOC","forb","perennial",2,1,0,0.02
"1","8/1/23","Emerald Lake","1A",1,1,1,"Post","Mixed","Removed","Primulaceae","Androsace","septentrionalis","ANSE","forb","annual",2,8,0,0.02
"1","8/1/23","Emerald Lake","1A",1,1,1,"Post","Mixed","Removed","Ranunculaceae","Aquilegia","Coerulea","AQCO","forb","perennial",2,1,0,0.02
"1","8/1/23","Emerald Lake","1A",1,1,1,"Post","Mixed","Removed","Onagraceae","Chamaenuerion","angustifolium","CHAN","forb","perennial",3,4,0,0.03
"1","8/1/23","Emerald Lake","1A",1,1,1,"Post","Mixed","Removed","Rosaceae","Fragaria","virginiana","FRVI","forb","perennial",0.5,2,0,0.005
"1","8/1/23","Emerald Lake","1A",1,1,1,"Post","Mixed","Removed","Geraniaceae","Geranium","richardsonii","GERI","forb","perennial",2,1,0,0.02
"1","8/1/23","Emerald Lake","1A",1,1,1,"Post","Mixed","Removed","Asteraceae","Helianthella","quinquenervis","HEQU","forb","perennial",30,8,1,0.3
"1","8/1/23","Emerald Lake","1A",1,1,1,"Post","Mixed","Removed","Asteraceae","Hymenoxys","hoopesii","HYHO","forb","perennial",5,4,0,0.05
"1","8/1/23","Emerald Lake","1A",1,1,1,"Post","Mixed","Removed","Apiaceae","Ligusticum","porteri","LIPO","forb","perennial",3,2,0,0.03
"1","8/1/23","Emerald Lake","1A",1,1,1,"Post","Mixed","Removed","Boraginaceae","Mertensia","ciliata","MECI","forb","perennial",1.5,2,0,0.015
"1","8/1/23","Emerald Lake","1A",1,1,1,"Post","Mixed","Removed","Rosaceae","Potentilla","gracilis","POGR","forb","perennial",9,4,0,0.09
"1","8/1/23","Emerald Lake","1A",1,1,1,"Post","Mixed","Removed","Caprifoliaceae","Valeriana","occidentalis","VAOC","forb","perennial",3,1,0,0.03
"1","8/1/23","Emerald Lake","1A",1,1,1,"Post","Mixed","Removed","Violaceae","Viola","nuttallii","VINU","forb","perennial",0.2,1,0,0.002
"1","8/1/23","Emerald Lake","1A",1,1,1,"Post","Mixed","Removed","Poaceae","Elymus","glaucus","ELGL","grass","perennial",4,5,1,0.04
"1","8/1/23","Emerald Lake","1A",1,1,1,"Post","Mixed","Removed","Poaceae","Melica","spectabilis","MESP","grass","perennial",8,4,0,0.08
"1","8/1/23","Emerald Lake","1A",1,1,1,"Post","Mixed","Removed","Fabaceae","Lupinus","argentus","LUAR","legume","perennial",5,2,1,0.05
"1","8/1/23","Emerald Lake","1B",1,2,1,"Post","Mixed","Present","Ranunculaceae","Aquilegia","Coerulea","AQCO","forb","perennial",3,1,0,0.03
"1","8/1/23","Emerald Lake","1B",1,2,1,"Post","Mixed","Present","Onagraceae","Chamaenuerion","angustifolium","CHAN","forb","perennial",1,1,0,0.01
"1","8/1/23","Emerald Lake","1B",1,2,1,"Post","Mixed","Present","Rosaceae","Fragaria","virginiana","FRVI","forb","perennial",2,7,0,0.02
"1","8/1/23","Emerald Lake","1B",1,2,1,"Post","Mixed","Present","Asteraceae","Helianthella","quinquenervis","HEQU","forb","perennial",15,8,0,0.15
"1","8/1/23","Emerald Lake","1B",1,2,1,"Post","Mixed","Present","Apiaceae","Heracleum","maximum","HEMA","forb","perennial",5,1,0,0.05
"1","8/1/23","Emerald Lake","1B",1,2,1,"Post","Mixed","Present","Asteraceae","Hymenoxys","hoopesii","HYHO","forb","perennial",10,7,0,0.1
"1","8/1/23","Emerald Lake","1B",1,2,1,"Post","Mixed","Present","Apiaceae","Ligusticum","porteri","LIPO","forb","perennial",13,3,0,0.13
"1","8/1/23","Emerald Lake","1B",1,2,1,"Post","Mixed","Present","Rosaceae","Potentilla","gracilis","POGR","forb","perennial",3,4,0,0.03
"1","8/1/23","Emerald Lake","1B",1,2,1,"Post","Mixed","Present","Poaceae","Elymus","glaucus","ELGL","grass","perennial",4,10,0,0.04
"1","8/1/23","Emerald Lake","1B",1,2,1,"Post","Mixed","Present","Poaceae","Melica","spectabilis","MESP","grass","perennial",4,6,0,0.04
"1","8/1/23","Emerald Lake","1B",1,2,1,"Post","Mixed","Present","Poaceae","Poa","pratensis","POPR","grass","perennial",1,3,0,0.01
"1","8/1/23","Emerald Lake","1B",1,2,1,"Post","Mixed","Present","Cyperaceae","Carex","Hoodii","CAHO","sedge","perennial",3,5,0,0.03
"1","8/1/23","Emerald Lake","1B",1,2,1,"Post","Mixed","Present","Grossulariaceae","Ribes","montigenum","RIMO","shrub","perennial",20,2,0,0.2
"1","8/1/23","Emerald Lake","2A",2,3,2,"Post","Castilleja","Present","Ranunculaceae","Aquilegia","Coerulea","AQCO","forb","perennial",6,1,0,0.06
"1","8/1/23","Emerald Lake","2A",2,3,2,"Post","Castilleja","Present","Onagraceae","Chamaenuerion","angustifolium","CHAN","forb","perennial",2,3,1,0.02
"1","8/1/23","Emerald Lake","2A",2,3,2,"Post","Castilleja","Present","Asteraceae","Helianthella","quinquenervis","HEQU","forb","perennial",10,3,0,0.1
"1","8/1/23","Emerald Lake","2A",2,3,2,"Post","Castilleja","Present","Apiaceae","Heracleum","maximum","HEMA","forb","perennial",5,1,0,0.05
"1","8/1/23","Emerald Lake","2A",2,3,2,"Post","Castilleja","Present","Apiaceae","Ligusticum","porteri","LIPO","forb","perennial",25,3,0,0.25
"1","8/1/23","Emerald Lake","2A",2,3,2,"Post","Castilleja","Present","Rosaceae","Potentilla","gracilis","POGR","forb","perennial",3,1,1,0.03
"1","8/1/23","Emerald Lake","2A",2,3,2,"Post","Castilleja","Present","Poaceae","Elymus","glaucus","ELGL","grass","perennial",3,5,1,0.03
"1","8/1/23","Emerald Lake","2A",2,3,2,"Post","Castilleja","Present","Fabaceae","Lupinus","argentus","LUAR","legume","perennial",12,8,1,0.12
"1","8/1/23","Emerald Lake","2A",2,3,2,"Post","Castilleja","Present","Cyperaceae","Carex","Hoodii","CAHO","sedge","perennial",2,3,1,0.02
"1","8/1/23","Emerald Lake","2B",2,4,2,"Post","Castilleja","Removed","Onagraceae","Chamaenuerion","angustifolium","CHAN","forb","perennial",6,5,0,0.06
"1","8/1/23","Emerald Lake","2B",2,4,2,"Post","Castilleja","Removed","Rosaceae","Fragaria","virginiana","FRVI","forb","perennial",2,4,0,0.02
"1","8/1/23","Emerald Lake","2B",2,4,2,"Post","Castilleja","Removed","Geraniaceae","Geranium","richardsonii","GERI","forb","perennial",2,1,0,0.02
"1","8/1/23","Emerald Lake","2B",2,4,2,"Post","Castilleja","Removed","Apiaceae","Heracleum","maximum","HEMA","forb","perennial",15,1,0,0.15
"1","8/1/23","Emerald Lake","2B",2,4,2,"Post","Castilleja","Removed","Asteraceae","Hymenoxys","hoopesii","HYHO","forb","perennial",7,3,0,0.07
"1","8/1/23","Emerald Lake","2B",2,4,2,"Post","Castilleja","Removed","Apiaceae","Ligusticum","porteri","LIPO","forb","perennial",5,3,0,0.05
"1","8/1/23","Emerald Lake","2B",2,4,2,"Post","Castilleja","Removed","Boraginaceae","Mertensia","ciliata","MECI","forb","perennial",3,3,0,0.03
"1","8/1/23","Emerald Lake","2B",2,4,2,"Post","Castilleja","Removed","Rosaceae","Potentilla","gracilis","POGR","forb","perennial",4,2,0,0.04
"1","8/1/23","Emerald Lake","2B",2,4,2,"Post","Castilleja","Removed","Asteraceae","Senecio","crassulus","SECR","forb","perennial",5,6,0,0.05
"1","8/1/23","Emerald Lake","2B",2,4,2,"Post","Castilleja","Removed","Caprifoliaceae","Valeriana","occidentalis","VAOC","forb","perennial",7,3,0,0.07
"1","8/1/23","Emerald Lake","2B",2,4,2,"Post","Castilleja","Removed","Poaceae","Bromus","pumpellianus","BRPU","grass","perennial",2,3,0,0.02
"1","8/1/23","Emerald Lake","2B",2,4,2,"Post","Castilleja","Removed","Poaceae","Elymus","glaucus","ELGL","grass","perennial",20,8,0,0.2
"1","8/1/23","Emerald Lake","2B",2,4,2,"Post","Castilleja","Removed","Poaceae","Melica","spectabilis","MESP","grass","perennial",3,4,0,0.03
"1","8/1/23","Emerald Lake","3A",3,5,2,"Post","Community","Removed","Onagraceae","Chamaenuerion","angustifolium","CHAN","forb","perennial",6.5,6,0,0.065
"1","8/1/23","Emerald Lake","3A",3,5,2,"Post","Community","Removed","Asteraceae","Erigeron","coulteri","ERCO","forb","perennial",4,1,0,0.04
"1","8/1/23","Emerald Lake","3A",3,5,2,"Post","Community","Removed","Liliaceae","Erythronium","grandiflorum","ERGR","forb","perennial",0.5,2,0,0.005
"1","8/1/23","Emerald Lake","3A",3,5,2,"Post","Community","Removed","Rosaceae","Fragaria","virginiana","FRVI","forb","perennial",2.5,6,0,0.025
"1","8/1/23","Emerald Lake","3A",3,5,2,"Post","Community","Removed","Asteraceae","Helianthella","quinquenervis","HEQU","forb","perennial",8,5,0,0.08
"1","8/1/23","Emerald Lake","3A",3,5,2,"Post","Community","Removed","Asteraceae","Hymenoxys","hoopesii","HYHO","forb","perennial",10,8,0,0.1
"1","8/1/23","Emerald Lake","3A",3,5,2,"Post","Community","Removed","Apiaceae","Ligusticum","porteri","LIPO","forb","perennial",20,2,0,0.2
"1","8/1/23","Emerald Lake","3A",3,5,2,"Post","Community","Removed","Boraginaceae","Mertensia","ciliata","MECI","forb","perennial",1,1,0,0.01
"1","8/1/23","Emerald Lake","3A",3,5,2,"Post","Community","Removed","Brassicaceae","Noccaea","fendleri","NOFE","forb","perennial",1,7,0,0.01
"1","8/1/23","Emerald Lake","3A",3,5,2,"Post","Community","Removed","Asteraceae","Senecio","crassulus","SECR","forb","perennial",3,3,0,0.03
"1","8/1/23","Emerald Lake","3A",3,5,2,"Post","Community","Removed","Poaceae","Elymus","glaucus","ELGL","grass","perennial",4,10,0,0.04
"1","8/1/23","Emerald Lake","3A",3,5,2,"Post","Community","Removed","Fabaceae","Lupinus","argentus","LUAR","legume","perennial",6,2,0,0.06
"1","8/1/23","Emerald Lake","3A",3,5,2,"Post","Community","Removed","Grossulariaceae","Ribes","montigenum","RIMO","shrub","perennial",8,1,0,0.08
"1","8/1/23","Emerald Lake","3B",3,6,2,"Post","Community","Present","Primulaceae","Androsace","septentrionalis","ANSE","forb","annual",0.1,3,0,0.001
"1","8/1/23","Emerald Lake","3B",3,6,2,"Post","Community","Present","Ranunculaceae","Aquilegia","Coerulea","AQCO","forb","perennial",4,1,0,0.04
"1","8/1/23","Emerald Lake","3A",3,6,2,"Post","Community","Present","Ranunculaceae","Delphinium","barbeyi","DEBA","forb","perennial",12,2,0,0.12
"1","8/1/23","Emerald Lake","3B",3,6,2,"Post","Community","Present","Asteraceae","Erigeron","speciosus","ERSP","forb","perennial",0.1,1,0,0.001
"1","8/1/23","Emerald Lake","3B",3,6,2,"Post","Community","Present","Asteraceae","Erigeron","coulteri","ERCO","forb","perennial",1,1,0,0.01
"1","8/1/23","Emerald Lake","3B",3,6,2,"Post","Community","Present","Geraniaceae","Geranium","richardsonii","GERI","forb","perennial",4,2,0,0.04
"1","8/1/23","Emerald Lake","3B",3,6,2,"Post","Community","Present","Asteraceae","Helianthella","quinquenervis","HEQU","forb","perennial",15,7,0,0.15
"1","8/1/23","Emerald Lake","3B",3,6,2,"Post","Community","Present","Apiaceae","Heracleum","maximum","HEMA","forb","perennial",7,2,0,0.07
"1","8/1/23","Emerald Lake","3B",3,6,2,"Post","Community","Present","Asteraceae","Hymenoxys","hoopesii","HYHO","forb","perennial",3,3,0,0.03
"1","8/1/23","Emerald Lake","3B",3,6,2,"Post","Community","Present","Apiaceae","Ligusticum","porteri","LIPO","forb","perennial",25,4,0,0.25
"1","8/1/23","Emerald Lake","3B",3,6,2,"Post","Community","Present","Boraginaceae","Mertensia","ciliata","MECI","forb","perennial",0.5,1,0,0.005
"1","8/1/23","Emerald Lake","3B",3,6,2,"Post","Community","Present","Rosaceae","Potentilla","gracilis","POGR","forb","perennial",1,1,0,0.01
"1","8/1/23","Emerald Lake","3B",3,6,2,"Post","Community","Present","Asteraceae","Senecio","crassulus","SECR","forb","perennial",4,5,0,0.04
"1","8/1/23","Emerald Lake","3B",3,6,2,"Post","Community","Present","Poaceae","Elymus","glaucus","ELGL","grass","perennial",4,12,0,0.04
"1","8/1/23","Emerald Lake","3B",3,6,2,"Post","Community","Present","Poaceae","Melica","spectabilis","MESP","grass","perennial",1.5,3,0,0.015
"1","8/1/23","Emerald Lake","3B",3,6,2,"Post","Community","Present","Grossulariaceae","Ribes","montigenum","RIMO","shrub","perennial",20,2,0,0.2
"1","8/7/23","Emerald Lake","4A",4,7,2,"Post","Mixed","Removed","Onagraceae","Chamaenuerion","angustifolium","CHAN","forb","perennial",1,1,0,0.01
"1","8/1/23","Emerald Lake","4A",4,7,2,"Post","Mixed","Removed","Asteraceae","Erigeron","coulteri","ERCO","forb","perennial",5,3,0,0.05
"1","8/9/23","Emerald Lake","4A",4,7,2,"Post","Mixed","Removed","Rosaceae","Fragaria","virginiana","FRVI","forb","perennial",0.5,3,0,0.005
"1","8/8/23","Emerald Lake","4A",4,7,2,"Post","Mixed","Removed","Geraniaceae","Geranium","richardsonii","GERI","forb","perennial",0.1,1,0,0.001
"1","8/4/23","Emerald Lake","4A",4,7,2,"Post","Mixed","Removed","Asteraceae","Helianthella","quinquenervis","HEQU","forb","perennial",15,8,0,0.15
"1","8/1/23","Emerald Lake","4A",4,7,2,"Post","Mixed","Removed","Apiaceae","Heracleum","maximum","HEMA","forb","perennial",12,1,0,0.12
"1","8/6/23","Emerald Lake","4A",4,7,2,"Post","Mixed","Removed","Asteraceae","Hymenoxys","hoopesii","HYHO","forb","perennial",4,5,0,0.04
"1","8/1/23","Emerald Lake","4A",4,7,2,"Post","Mixed","Removed","Apiaceae","Ligusticum","porteri","LIPO","forb","perennial",20,4,0,0.2
"1","8/1/23","Emerald Lake","4A",4,7,2,"Post","Mixed","Removed","Boraginaceae","Mertensia","ciliata","MECI","forb","perennial",3,5,0,0.03
"1","8/1/23","Emerald Lake","4A",4,7,2,"Post","Mixed","Removed","Rosaceae","Potentilla","gracilis","POGR","forb","perennial",2,1,0,0.02
"1","8/5/23","Emerald Lake","4A",4,7,2,"Post","Mixed","Removed","Asteraceae","Senecio","crassulus","SECR","forb","perennial",1,3,0,0.01
"1","8/1/23","Emerald Lake","4A",4,7,2,"Post","Mixed","Removed","Caprifoliaceae","Valeriana","occidentalis","VAOC","forb","perennial",2,3,0,0.02
"1","8/3/23","Emerald Lake","4A",4,7,2,"Post","Mixed","Removed","Poaceae","Elymus","glaucus","ELGL","grass","perennial",3,12,0,0.03
"1","8/2/23","Emerald Lake","4A",4,7,2,"Post","Mixed","Removed","Poaceae","Melica","spectabilis","MESP","grass","perennial",4,5,0,0.04
"1","8/1/23","Emerald Lake","4B",4,8,2,"Post","Mixed","Present","Primulaceae","Androsace","septentrionalis","ANSE","forb","annual",1,4,0,0.01
"1","8/1/23","Emerald Lake","4B",4,8,2,"Post","Mixed","Present","Ranunculaceae","Aquilegia","Coerulea","AQCO","forb","perennial",2,5,0,0.02
"1","8/1/23","Emerald Lake","4B",4,8,2,"Post","Mixed","Present","Asteraceae","Erigeron","speciosus","ERSP","forb","perennial",5,3,1,0.05
"1","8/1/23","Emerald Lake","4B",4,8,2,"Post","Mixed","Present","Rosaceae","Fragaria","virginiana","FRVI","forb","perennial",2,3,0,0.02
"1","8/1/23","Emerald Lake","4B",4,8,2,"Post","Mixed","Present","Gentianaceae","Gentiana","parryi","GEPA","forb","perennial",3,1,0,0.03
"1","8/1/23","Emerald Lake","4B",4,8,2,"Post","Mixed","Present","Asteraceae","Helianthella","quinquenervis","HEQU","forb","perennial",8,3,1,0.08
"1","8/1/23","Emerald Lake","4B",4,8,2,"Post","Mixed","Present","Apiaceae","Heracleum","maximum","HEMA","forb","perennial",10,1,0,0.1
"1","8/1/23","Emerald Lake","4B",4,8,2,"Post","Mixed","Present","Asteraceae","Hymenoxys","hoopesii","HYHO","forb","perennial",2,1,0,0.02
"1","8/1/23","Emerald Lake","4B",4,8,2,"Post","Mixed","Present","Apiaceae","Ligusticum","porteri","LIPO","forb","perennial",25,2,1,0.25
"1","8/1/23","Emerald Lake","4B",4,8,2,"Post","Mixed","Present","Rosaceae","Potentilla","gracilis","POGR","forb","perennial",3.5,2,1,0.035
"1","8/1/23","Emerald Lake","4B",4,8,2,"Post","Mixed","Present","Asteraceae","Senecio","crassulus","SECR","forb","perennial",3,6,0,0.03
"1","8/1/23","Emerald Lake","4B",4,8,2,"Post","Mixed","Present","Thalictraceae","Thalictrum","fendleri","THFE","forb","perennial",8,4,0,0.08
"1","8/1/23","Emerald Lake","4B",4,8,2,"Post","Mixed","Present","Poaceae","Elymus","glaucus","ELGL","grass","perennial",3,8,1,0.03
"1","8/1/23","Emerald Lake","4B",4,8,2,"Post","Mixed","Present","Poaceae","Melica","spectabilis","MESP","grass","perennial",2,5,0,0.02
"1","8/1/23","Emerald Lake","4B",4,8,2,"Post","Mixed","Present","Poaceae","Phleum","alpinum","PHAL","grass","perennial",2,1,0,0.02
"1","8/1/23","Emerald Lake","4B",4,8,2,"Post","Mixed","Present","Grossulariaceae","Ribes","montigenum","RIMO","shrub","perennial",15,1,1,0.15
"1","8/1/23","Emerald Lake","5A",5,9,3,"Post","Mixed","Present","Onagraceae","Chamaenuerion","angustifolium","CHAN","forb","perennial",5,2,0,0.05
"1","8/1/23","Emerald Lake","5A",5,9,3,"Post","Mixed","Present","Asteraceae","Erigeron","coulteri","ERCO","forb","perennial",6,2,1,0.06
"1","8/1/23","Emerald Lake","5A",5,9,3,"Post","Mixed","Present","Geraniaceae","Geranium","richardsonii","GERI","forb","perennial",1,1,0,0.01
"1","8/1/23","Emerald Lake","5A",5,9,3,"Post","Mixed","Present","Apiaceae","Heracleum","maximum","HEMA","forb","perennial",40,1,0,0.4
"1","8/1/23","Emerald Lake","5A",5,9,3,"Post","Mixed","Present","Apiaceae","Ligusticum","porteri","LIPO","forb","perennial",3,1,0,0.03
"1","8/1/23","Emerald Lake","5A",5,9,3,"Post","Mixed","Present","Boraginaceae","Mertensia","ciliata","MECI","forb","perennial",5,5,0,0.05
"1","8/1/23","Emerald Lake","5A",5,9,3,"Post","Mixed","Present","Rosaceae","Potentilla","gracilis","POGR","forb","perennial",3,2,0,0.03
"1","8/1/23","Emerald Lake","5A",5,9,3,"Post","Mixed","Present","Polygonaceae","Rumex","salicifolius","RUSA","forb","perennial",9,1,0,0.09
"1","8/1/23","Emerald Lake","5A",5,9,3,"Post","Mixed","Present","Poaceae","Elymus","glaucus","ELGL","grass","perennial",25,10,1,0.25
"1","8/1/23","Emerald Lake","5A",5,9,3,"Post","Mixed","Present","Fabaceae","Lupinus","argentus","LUAR","legume","perennial",3,1,1,0.03
"1","8/1/23","Emerald Lake","5B",5,10,3,"Post","Mixed","Removed","Primulaceae","Androsace","septentrionalis","ANSE","forb","annual",1,5,0,0.01
"1","8/1/23","Emerald Lake","5B",5,10,3,"Post","Mixed","Removed","Onagraceae","Chamaenuerion","angustifolium","CHAN","forb","perennial",1.5,3,0,0.015
"1","8/1/23","Emerald Lake","5B",5,10,3,"Post","Mixed","Removed","Asteraceae","Erigeron","coulteri","ERCO","forb","perennial",6,3,0,0.06
"1","8/1/23","Emerald Lake","5B",5,10,3,"Post","Mixed","Removed","Rubiaceae","Galium","bifolium","GABI","forb","perennial",2,15,0,0.02
"1","8/1/23","Emerald Lake","5B",5,10,3,"Post","Mixed","Removed","Geraniaceae","Geranium","richardsonii","GERI","forb","perennial",10,3,0,0.1
"1","8/1/23","Emerald Lake","5B",5,10,3,"Post","Mixed","Removed","Apiaceae","Heracleum","maximum","HEMA","forb","perennial",9,1,0,0.09
"1","8/1/23","Emerald Lake","5B",5,10,3,"Post","Mixed","Removed","Asteraceae","Hymenoxys","hoopesii","HYHO","forb","perennial",1.5,1,0,0.015
"1","8/1/23","Emerald Lake","5B",5,10,3,"Post","Mixed","Removed","Boraginaceae","Mertensia","ciliata","MECI","forb","perennial",1,1,0,0.01
"1","8/1/23","Emerald Lake","5B",5,10,3,"Post","Mixed","Removed","Polygonaceae","Rumex","salicifolius","RUSA","forb","perennial",2,2,0,0.02
"1","8/1/23","Emerald Lake","5B",5,10,3,"Post","Mixed","Removed","Violaceae","Viola","nuttallii","VINU","forb","perennial",0.1,1,0,0.001
"1","8/1/23","Emerald Lake","5B",5,10,3,"Post","Mixed","Removed","Poaceae","Elymus","glaucus","ELGL","grass","perennial",9,11,0,0.09
"1","8/1/23","Emerald Lake","5B",5,10,3,"Post","Mixed","Removed","Poaceae","Poa","pratensis","POPR","grass","perennial",6,2,0,0.06
"1","8/1/23","Emerald Lake","5B",5,10,3,"Post","Mixed","Removed","Fabaceae","Lupinus","argentus","LUAR","legume","perennial",0.5,1,0,0.005
"1","8/1/23","Emerald Lake","6A",6,11,3,"Post","Community","Removed","Ranunculaceae","Aquilegia","Coerulea","AQCO","forb","perennial",5,1,0,0.05
"1","8/1/23","Emerald Lake","6A",6,11,3,"Post","Community","Removed","Onagraceae","Chamaenuerion","angustifolium","CHAN","forb","perennial",6,6,0,0.06
"1","8/1/23","Emerald Lake","6A",6,11,3,"Post","Community","Removed","Asteraceae","Erigeron","coulteri","ERCO","forb","perennial",1,1,0,0.01
"1","8/1/23","Emerald Lake","6A",6,11,3,"Post","Community","Removed","Asteraceae","Erigeron","speciosus","ERSP","forb","perennial",4,3,0,0.04
"1","8/1/23","Emerald Lake","6A",6,11,3,"Post","Community","Removed","Asteraceae","Helianthella","quinquenervis","HEQU","forb","perennial",8,2,0,0.08
"1","8/1/23","Emerald Lake","6A",6,11,3,"Post","Community","Removed","Apiaceae","Heracleum","maximum","HEMA","forb","perennial",3,1,0,0.03
"1","8/1/23","Emerald Lake","6A",6,11,3,"Post","Community","Removed","Asteraceae","Hymenoxys","hoopesii","HYHO","forb","perennial",5,4,0,0.05
"1","8/1/23","Emerald Lake","6A",6,11,3,"Post","Community","Removed","Apiaceae","Ligusticum","porteri","LIPO","forb","perennial",10,1,0,0.1
"1","8/1/23","Emerald Lake","6A",6,11,3,"Post","Community","Removed","Boraginaceae","Mertensia","ciliata","MECI","forb","perennial",3,4,0,0.03
"1","8/1/23","Emerald Lake","6A",6,11,3,"Post","Community","Removed","Rosaceae","Potentilla","gracilis","POGR","forb","perennial",2,3,0,0.02
"1","8/1/23","Emerald Lake","6A",6,11,3,"Post","Community","Removed","Caprifoliaceae","Valeriana","occidentalis","VAOC","forb","perennial",12,7,0,0.12
"1","8/1/23","Emerald Lake","6A",6,11,3,"Post","Community","Removed","Poaceae","Elymus","glaucus","ELGL","grass","perennial",8,10,0,0.08
"1","8/1/23","Emerald Lake","6A",6,11,3,"Post","Community","Removed","Poaceae","Melica","spectabilis","MESP","grass","perennial",4,5,0,0.04
"1","8/1/23","Emerald Lake","6A",6,11,3,"Post","Community","Removed","Grossulariaceae","Ribes","montigenum","RIMO","shrub","perennial",30,1,0,0.3
"1","8/1/23","Emerald Lake","6B",6,12,3,"Post","Community","Present","Ranunculaceae","Aquilegia","Coerulea","AQCO","forb","perennial",1,1,0,0.01
"1","8/1/23","Emerald Lake","6B",6,12,3,"Post","Community","Present","Onagraceae","Chamaenuerion","angustifolium","CHAN","forb","perennial",1,1,0,0.01
"1","8/1/23","Emerald Lake","6B",6,12,3,"Post","Community","Present","Ranunculaceae","Delphinium","barbeyi","DEBA","forb","perennial",6,1,0,0.06
"1","8/1/23","Emerald Lake","6B",6,12,3,"Post","Community","Present","Liliaceae","Erythronium","grandiflorum","ERGR","forb","perennial",0.1,1,0,0.001
"1","8/1/23","Emerald Lake","6B",6,12,3,"Post","Community","Present","Rosaceae","Fragaria","virginiana","FRVI","forb","perennial",1,5,0,0.01
"1","8/1/23","Emerald Lake","6B",6,12,3,"Post","Community","Present","Asteraceae","Helianthella","quinquenervis","HEQU","forb","perennial",30,5,1,0.3
"1","8/1/23","Emerald Lake","6B",6,12,3,"Post","Community","Present","Apiaceae","Heracleum","maximum","HEMA","forb","perennial",4,1,0,0.04
"1","8/1/23","Emerald Lake","6B",6,12,3,"Post","Community","Present","Asteraceae","Hymenoxys","hoopesii","HYHO","forb","perennial",5,3,0,0.05
"1","8/1/23","Emerald Lake","6B",6,12,3,"Post","Community","Present","Apiaceae","Ligusticum","porteri","LIPO","forb","perennial",6,1,0,0.06
"1","8/1/23","Emerald Lake","6B",6,12,3,"Post","Community","Present","Rosaceae","Potentilla","gracilis","POGR","forb","perennial",2,1,0,0.02
"1","8/1/23","Emerald Lake","6B",6,12,3,"Post","Community","Present","Asteraceae","Senecio","crassulus","SECR","forb","perennial",1,2,0,0.01
"1","8/1/23","Emerald Lake","6B",6,12,3,"Post","Community","Present","Poaceae","Elymus","glaucus","ELGL","grass","perennial",3,8,1,0.03
"1","8/1/23","Emerald Lake","6B",6,12,3,"Post","Community","Present","Poaceae","Melica","spectabilis","MESP","grass","perennial",9,6,0,0.09
"1","8/1/23","Emerald Lake","6B",6,12,3,"Post","Community","Present","Fabaceae","Lupinus","argentus","LUAR","legume","perennial",2,1,0,0.02
"1","8/1/23","Emerald Lake","6B",6,12,3,"Post","Community","Present","Grossulariaceae","Ribes","montigenum","RIMO","shrub","perennial",7,2,0,0.07
"1","8/1/23","Emerald Lake","7A",7,13,4,"Post","Castilleja","Present","Primulaceae","Androsace","septentrionalis","ANSE","forb","annual",0.1,1,0,0.001
"1","8/1/23","Emerald Lake","7A",7,13,4,"Post","Castilleja","Present","Asteraceae","Erigeron","coulteri","ERCO","forb","perennial",5,2,0,0.05
"1","8/1/23","Emerald Lake","7A",7,13,4,"Post","Castilleja","Present","Liliaceae","Erythronium","grandiflorum","ERGR","forb","perennial",1,1,0,0.01
"1","8/1/23","Emerald Lake","7A",7,13,4,"Post","Castilleja","Present","Asteraceae","Helianthella","quinquenervis","HEQU","forb","perennial",6,3,0,0.06
"1","8/1/23","Emerald Lake","7A",7,13,4,"Post","Castilleja","Present","Apiaceae","Heracleum","maximum","HEMA","forb","perennial",4,3,0,0.04
"1","8/1/23","Emerald Lake","7A",7,13,4,"Post","Castilleja","Present","Asteraceae","Hymenoxys","hoopesii","HYHO","forb","perennial",6,4,1,0.06
"1","8/1/23","Emerald Lake","7A",7,13,4,"Post","Castilleja","Present","Apiaceae","Ligusticum","porteri","LIPO","forb","perennial",1,1,0,0.01
"1","8/1/23","Emerald Lake","7A",7,13,4,"Post","Castilleja","Present","Rosaceae","Potentilla","gracilis","POGR","forb","perennial",25,2,0,0.25
"1","8/1/23","Emerald Lake","7A",7,13,4,"Post","Castilleja","Present","Asteraceae","Senecio","crassulus","SECR","forb","perennial",2,4,0,0.02
"1","8/1/23","Emerald Lake","7A",7,13,4,"Post","Castilleja","Present","Poaceae","Elymus","glaucus","ELGL","grass","perennial",6,9,1,0.06
"1","8/1/23","Emerald Lake","7A",7,13,4,"Post","Castilleja","Present","Poaceae","Melica","spectabilis","MESP","grass","perennial",2,4,0,0.02
"1","8/1/23","Emerald Lake","7A",7,13,4,"Post","Castilleja","Present","Fabaceae","Lupinus","argentus","LUAR","legume","perennial",15,11,1,0.15
"1","8/1/23","Emerald Lake","7B",7,14,4,"Post","Castilleja","Removed","Ranunculaceae","Aquilegia","Coerulea","AQCO","forb","perennial",3,1,0,0.03
"1","8/1/23","Emerald Lake","7B",7,14,4,"Post","Castilleja","Removed","Onagraceae","Chamaenuerion","angustifolium","CHAN","forb","perennial",15,9,0,0.15
"1","8/1/23","Emerald Lake","7B",7,14,4,"Post","Castilleja","Removed","Ranunculaceae","Delphinium","barbeyi","DEBA","forb","perennial",1,1,0,0.01
"1","8/1/23","Emerald Lake","7B",7,14,4,"Post","Castilleja","Removed","Asteraceae","Erigeron","coulteri","ERCO","forb","perennial",1,1,0,0.01
"1","8/1/23","Emerald Lake","7B",7,14,4,"Post","Castilleja","Removed","Liliaceae","Erythronium","grandiflorum","ERGR","forb","perennial",0.2,2,0,0.002
"1","8/1/23","Emerald Lake","7B",7,14,4,"Post","Castilleja","Removed","Rosaceae","Fragaria","virginiana","FRVI","forb","perennial",1,5,0,0.01
"1","8/1/23","Emerald Lake","7B",7,14,4,"Post","Castilleja","Removed","Asteraceae","Helianthella","quinquenervis","HEQU","forb","perennial",20,6,0,0.2
"1","8/1/23","Emerald Lake","7B",7,14,4,"Post","Castilleja","Removed","Asteraceae","Hymenoxys","hoopesii","HYHO","forb","perennial",1,5,0,0.01
"1","8/1/23","Emerald Lake","7B",7,14,4,"Post","Castilleja","Removed","Apiaceae","Ligusticum","porteri","LIPO","forb","perennial",7,2,0,0.07
"1","8/1/23","Emerald Lake","7B",7,14,4,"Post","Castilleja","Removed","Rosaceae","Potentilla","gracilis","POGR","forb","perennial",1.2,3,0,0.012
"1","8/1/23","Emerald Lake","7B",7,14,4,"Post","Castilleja","Removed","Asteraceae","Senecio","crassulus","SECR","forb","perennial",3,5,0,0.03
"1","8/1/23","Emerald Lake","7B",7,14,4,"Post","Castilleja","Removed","Caprifoliaceae","Valeriana","occidentalis","VAOC","forb","perennial",1,9,0,0.01
"1","8/1/23","Emerald Lake","7B",7,14,4,"Post","Castilleja","Removed","Violaceae","Viola","nuttallii","VINU","forb","perennial",0.1,1,0,0.001
"1","8/1/23","Emerald Lake","7B",7,14,4,"Post","Castilleja","Removed","Poaceae","Elymus","glaucus","ELGL","grass","perennial",2,6,0,0.02
"1","8/1/23","Emerald Lake","7B",7,14,4,"Post","Castilleja","Removed","Poaceae","Melica","spectabilis","MESP","grass","perennial",3,6,0,0.03
"1","8/1/23","Emerald Lake","8A",8,15,4,"Post","Control","Present","Brassicaceae","Barbarea","vulgaris","BAVU","forb","biennial",0.2,2,0,0.002
"1","8/1/23","Emerald Lake","8A",8,15,4,"Post","Control","Present","Onagraceae","Chamaenuerion","angustifolium","CHAN","forb","perennial",4,4,0,0.04
"1","8/1/23","Emerald Lake","8A",8,15,4,"Post","Control","Present","Asteraceae","Erigeron","coulteri","ERCO","forb","perennial",8,3,0,0.08
"1","8/1/23","Emerald Lake","8A",8,15,4,"Post","Control","Present","Asteraceae","Helianthella","quinquenervis","HEQU","forb","perennial",11,3,0,0.11
"1","8/1/23","Emerald Lake","8A",8,15,4,"Post","Control","Present","Asteraceae","Hymenoxys","hoopesii","HYHO","forb","perennial",2,2,0,0.02
"1","8/1/23","Emerald Lake","8A",8,15,4,"Post","Control","Present","Rosaceae","Potentilla","gracilis","POGR","forb","perennial",3,2,0,0.03
"1","8/1/23","Emerald Lake","8A",8,15,4,"Post","Control","Present","Asteraceae","Senecio","crassulus","SECR","forb","perennial",7,9,0,0.07
"1","8/1/23","Emerald Lake","8A",8,15,4,"Post","Control","Present","Poaceae","Elymus","glaucus","ELGL","grass","perennial",9,12,0,0.09
"1","8/1/23","Emerald Lake","8A",8,15,4,"Post","Control","Present","Poaceae","Melica","spectabilis","MESP","grass","perennial",3,3,0,0.03
"1","8/1/23","Emerald Lake","8A",8,15,4,"Post","Control","Present","Fabaceae","Lupinus","argentus","LUAR","legume","perennial",15,10,0,0.15
"1","8/1/23","Emerald Lake","8B",8,16,4,"Post","Control","Removed","Onagraceae","Chamaenuerion","angustifolium","CHAN","forb","perennial",12,9,0,0.12
"1","8/1/23","Emerald Lake","8B",8,16,4,"Post","Control","Removed","Ranunculaceae","Delphinium","barbeyi","DEBA","forb","perennial",4,3,0,0.04
"1","8/1/23","Emerald Lake","8B",8,16,4,"Post","Control","Removed","Asteraceae","Erigeron","coulteri","ERCO","forb","perennial",4,2,0,0.04
"1","8/1/23","Emerald Lake","8B",8,16,4,"Post","Control","Removed","Liliaceae","Erythronium","grandiflorum","ERGR","forb","perennial",1,4,0,0.01
"1","8/1/23","Emerald Lake","8B",8,16,4,"Post","Control","Removed","Geraniaceae","Geranium","richardsonii","GERI","forb","perennial",2,1,0,0.02
"1","8/1/23","Emerald Lake","8B",8,16,4,"Post","Control","Removed","Asteraceae","Helianthella","quinquenervis","HEQU","forb","perennial",20,10,1,0.2
"1","8/1/23","Emerald Lake","8B",8,16,4,"Post","Control","Removed","Rosaceae","Potentilla","gracilis","POGR","forb","perennial",1,1,0,0.01
"1","8/1/23","Emerald Lake","8B",8,16,4,"Post","Control","Removed","Asteraceae","Senecio","crassulus","SECR","forb","perennial",3,6,0,0.03
"1","8/1/23","Emerald Lake","8B",8,16,4,"Post","Control","Removed","Caprifoliaceae","Valeriana","occidentalis","VAOC","forb","perennial",1,5,0,0.01
"1","8/1/23","Emerald Lake","8B",8,16,4,"Post","Control","Removed","Poaceae","Elymus","glaucus","ELGL","grass","perennial",0.3,3,1,0.003
"1","8/1/23","Emerald Lake","8B",8,16,4,"Post","Control","Removed","Poaceae","Melica","spectabilis","MESP","grass","perennial",5,8,1,0.05
"1","8/1/23","Emerald Lake","8B",8,16,4,"Post","Control","Removed","Cyperaceae","Carex","Hoodii","CAHO","sedge","perennial",1,1,0,0.01
"1","8/1/23","Emerald Lake","9A",9,17,5,"Post","Mixed","Present","Onagraceae","Chamaenuerion","angustifolium","CHAN","forb","perennial",15,11,0,0.15
"1","8/1/23","Emerald Lake","9A",9,17,5,"Post","Mixed","Present","Ranunculaceae","Delphinium","barbeyi","DEBA","forb","perennial",3,4,0,0.03
"1","8/1/23","Emerald Lake","9A",9,17,5,"Post","Mixed","Present","Asteraceae","Erigeron","coulteri","ERCO","forb","perennial",0.2,1,0,0.002
"1","8/1/23","Emerald Lake","9A",9,17,5,"Post","Mixed","Present","Liliaceae","Erythronium","grandiflorum","ERGR","forb","perennial",4,12,0,0.04
"1","8/1/23","Emerald Lake","9A",9,17,5,"Post","Mixed","Present","Apiaceae","Heracleum","maximum","HEMA","forb","perennial",0.1,1,0,0.001
"1","8/1/23","Emerald Lake","9A",9,17,5,"Post","Mixed","Present","Asteraceae","Hymenoxys","hoopesii","HYHO","forb","perennial",6,5,1,0.06
"1","8/1/23","Emerald Lake","9A",9,17,5,"Post","Mixed","Present","Apiaceae","Ligusticum","porteri","LIPO","forb","perennial",25,2,0,0.25
"1","8/1/23","Emerald Lake","9A",9,17,5,"Post","Mixed","Present","Asteraceae","Senecio","crassulus","SECR","forb","perennial",0.5,2,1,0.005
"1","8/1/23","Emerald Lake","9A",9,17,5,"Post","Mixed","Present","Caprifoliaceae","Valeriana","occidentalis","VAOC","forb","perennial",1,5,0,0.01
"1","8/1/23","Emerald Lake","9A",9,17,5,"Post","Mixed","Present","Poaceae","Elymus","glaucus","ELGL","grass","perennial",12,9,1,0.12
"1","8/1/23","Emerald Lake","9A",9,17,5,"Post","Mixed","Present","Poaceae","Melica","spectabilis","MESP","grass","perennial",0.5,3,0,0.005
"1","8/1/23","Emerald Lake","9A",9,17,5,"Post","Mixed","Present","Fabaceae","Lupinus","argentus","LUAR","legume","perennial",0.5,3,1,0.005
"1","8/1/23","Emerald Lake","9B",9,18,5,"Post","Mixed","Removed","Primulaceae","Androsace","septentrionalis","ANSE","forb","annual",0.1,3,0,0.001
"1","8/1/23","Emerald Lake","9B",9,18,5,"Post","Mixed","Removed","Onagraceae","Chamaenuerion","angustifolium","CHAN","forb","perennial",15,12,0,0.15
"1","8/1/23","Emerald Lake","9B",9,18,5,"Post","Mixed","Removed","Ranunculaceae","Delphinium","barbeyi","DEBA","forb","perennial",1,1,0,0.01
"1","8/1/23","Emerald Lake","9B",9,18,5,"Post","Mixed","Removed","Asteraceae","Erigeron","coulteri","ERCO","forb","perennial",0.3,1,0,0.003
"1","8/1/23","Emerald Lake","9B",9,18,5,"Post","Mixed","Removed","Liliaceae","Erythronium","grandiflorum","ERGR","forb","perennial",2,4,0,0.02
"1","8/1/23","Emerald Lake","9B",9,18,5,"Post","Mixed","Removed","Rosaceae","Fragaria","virginiana","FRVI","forb","perennial",0.5,6,0,0.005
"1","8/1/23","Emerald Lake","9B",9,18,5,"Post","Mixed","Removed","Asteraceae","Helianthella","quinquenervis","HEQU","forb","perennial",0.5,1,0,0.005
"1","8/1/23","Emerald Lake","9B",9,18,5,"Post","Mixed","Removed","Apiaceae","Heracleum","maximum","HEMA","forb","perennial",15,1,0,0.15
"1","8/1/23","Emerald Lake","9B",9,18,5,"Post","Mixed","Removed","Asteraceae","Hymenoxys","hoopesii","HYHO","forb","perennial",5,7,0,0.05
"1","8/1/23","Emerald Lake","9B",9,18,5,"Post","Mixed","Removed","Apiaceae","Ligusticum","porteri","LIPO","forb","perennial",6,3,0,0.06
"1","8/1/23","Emerald Lake","9B",9,18,5,"Post","Mixed","Removed","Boraginaceae","Mertensia","ciliata","MECI","forb","perennial",0.5,1,0,0.005
"1","8/1/23","Emerald Lake","9B",9,18,5,"Post","Mixed","Removed","Asteraceae","Senecio","crassulus","SECR","forb","perennial",0.8,3,0,0.008
"1","8/1/23","Emerald Lake","9B",9,18,5,"Post","Mixed","Removed","Caprifoliaceae","Valeriana","occidentalis","VAOC","forb","perennial",1,5,0,0.01
"1","8/1/23","Emerald Lake","9B",9,18,5,"Post","Mixed","Removed","Poaceae","Elymus","glaucus","ELGL","grass","perennial",3,6,0,0.03
"1","8/1/23","Emerald Lake","9B",9,18,5,"Post","Mixed","Removed","Poaceae","Melica","spectabilis","MESP","grass","perennial",4,5,0,0.04
"1","8/1/23","Emerald Lake","10A",10,19,5,"Post","Control","Present","Onagraceae","Chamaenuerion","angustifolium","CHAN","forb","perennial",12,9,1,0.12
"1","8/1/23","Emerald Lake","10A",10,19,5,"Post","Control","Present","Ranunculaceae","Delphinium","barbeyi","DEBA","forb","perennial",7,2,1,0.07
"1","8/1/23","Emerald Lake","10A",10,19,5,"Post","Control","Present","Liliaceae","Erythronium","grandiflorum","ERGR","forb","perennial",1.5,2,0,0.015
"1","8/1/23","Emerald Lake","10A",10,19,5,"Post","Control","Present","Rosaceae","Fragaria","virginiana","FRVI","forb","perennial",1,2,0,0.01
"1","8/1/23","Emerald Lake","10A",10,19,5,"Post","Control","Present","Asteraceae","Hymenoxys","hoopesii","HYHO","forb","perennial",10,7,0,0.1
"1","8/1/23","Emerald Lake","10A",10,19,5,"Post","Control","Present","Brassicaceae","Noccaea","fendleri","NOFE","forb","perennial",0.2,3,0,0.002
"1","8/1/23","Emerald Lake","10A",10,19,5,"Post","Control","Present","Rosaceae","Potentilla","gracilis","POGR","forb","perennial",2,1,0,0.02
"1","8/1/23","Emerald Lake","10A",10,19,5,"Post","Control","Present","Crassulaceae","Rhodiola","integrifolia","RHIN","forb","perennial",1.5,4,0,0.015
"1","8/1/23","Emerald Lake","10A",10,19,5,"Post","Control","Present","Asteraceae","Senecio","crassulus","SECR","forb","perennial",2,4,0,0.02
"1","8/1/23","Emerald Lake","10A",10,19,5,"Post","Control","Present","Caprifoliaceae","Valeriana","occidentalis","VAOC","forb","perennial",0.5,2,0,0.005
"1","8/1/23","Emerald Lake","10A",10,19,5,"Post","Control","Present","Poaceae","Melica","spectabilis","MESP","grass","perennial",4,6,0,0.04
"1","8/1/23","Emerald Lake","10A",10,19,5,"Post","Control","Present","Poaceae","Phleum","pratense","PHPR","grass","perennial",0.1,1,0,0.001
"1","8/1/23","Emerald Lake","10A",10,19,5,"Post","Control","Present","Fabaceae","Lupinus","argentus","LUAR","legume","perennial",5,6,1,0.05
"1","8/1/23","Emerald Lake","10B",10,20,5,"Post","Control","Removed","Primulaceae","Androsace","septentrionalis","ANSE","forb","annual",1,6,0,0.01
"1","8/1/23","Emerald Lake","10B",10,20,5,"Post","Control","Removed","Ranunculaceae","Aquilegia","Coerulea","AQCO","forb","perennial",3,1,0,0.03
"1","8/1/23","Emerald Lake","10B",10,20,5,"Post","Control","Removed","Onagraceae","Chamaenuerion","angustifolium","CHAN","forb","perennial",1,1,0,0.01
"1","8/1/23","Emerald Lake","10B",10,20,5,"Post","Control","Removed","Asteraceae","Erigeron","coulteri","ERCO","forb","perennial",1,2,0,0.01
"1","8/1/23","Emerald Lake","10B",10,20,5,"Post","Control","Removed","Liliaceae","Erythronium","grandiflorum","ERGR","forb","perennial",2,4,0,0.02
"1","8/1/23","Emerald Lake","10B",10,20,5,"Post","Control","Removed","Rosaceae","Fragaria","virginiana","FRVI","forb","perennial",1,5,0,0.01
"1","8/1/23","Emerald Lake","10B",10,20,5,"Post","Control","Removed","Asteraceae","Hymenoxys","hoopesii","HYHO","forb","perennial",1.5,1,0,0.015
"1","8/1/23","Emerald Lake","10B",10,20,5,"Post","Control","Removed","Rosaceae","Potentilla","gracilis","POGR","forb","perennial",15,8,0,0.15
"1","8/1/23","Emerald Lake","10B",10,20,5,"Post","Control","Removed","Crassulaceae","Rhodiola","integrifolia","RHIN","forb","perennial",2,5,0,0.02
"1","8/1/23","Emerald Lake","10B",10,20,5,"Post","Control","Removed","Asteraceae","Senecio","crassulus","SECR","forb","perennial",5,8,0,0.05
"1","8/1/23","Emerald Lake","10B",10,20,5,"Post","Control","Removed","Caprifoliaceae","Valeriana","occidentalis","VAOC","forb","perennial",1,10,0,0.01
"1","8/1/23","Emerald Lake","10B",10,20,5,"Post","Control","Removed","Violaceae","Viola","nuttallii","VINU","forb","perennial",0.3,1,0,0.003
"1","8/1/23","Emerald Lake","10B",10,20,5,"Post","Control","Removed","Poaceae","Elymus","glaucus","ELGL","grass","perennial",2,12,0,0.02
"1","8/1/23","Emerald Lake","10B",10,20,5,"Post","Control","Removed","Poaceae","Melica","spectabilis","MESP","grass","perennial",0.1,2,0,0.001
"1","8/1/23","Emerald Lake","10B",10,20,5,"Post","Control","Removed","Fabaceae","Lupinus","argentus","LUAR","legume","perennial",6,4,0,0.06
"1","7/31/23","Emerald Lake","11A",11,21,3,"Post","Castilleja","Present","Ranunculaceae","Aquilegia","Coerulea","AQCO","forb","perennial",5,1,0,0.05
"1","7/31/23","Emerald Lake","11A",11,21,3,"Post","Castilleja","Present","Onagraceae","Chamaenuerion","angustifolium","CHAN","forb","perennial",12,7,1,0.12
"1","7/31/23","Emerald Lake","11A",11,21,3,"Post","Castilleja","Present","Ranunculaceae","Delphinium","barbeyi","DEBA","forb","perennial",3,1,0,0.03
"1","7/31/23","Emerald Lake","11A",11,21,3,"Post","Castilleja","Present","Asteraceae","Erigeron","coulteri","ERCO","forb","perennial",3,2,0,0.03
"1","7/31/23","Emerald Lake","11A",11,21,3,"Post","Castilleja","Present","Liliaceae","Erythronium","grandiflorum","ERGR","forb","perennial",1,2,0,0.01
"1","7/31/23","Emerald Lake","11A",11,21,3,"Post","Castilleja","Present","Geraniaceae","Geranium","richardsonii","GERI","forb","perennial",4,1,1,0.04
"1","7/31/23","Emerald Lake","11A",11,21,3,"Post","Castilleja","Present","Asteraceae","Helianthella","quinquenervis","HEQU","forb","perennial",15,8,0,0.15
"1","7/31/23","Emerald Lake","11A",11,21,3,"Post","Castilleja","Present","Asteraceae","Hymenoxys","hoopesii","HYHO","forb","perennial",2,4,1,0.02
"1","7/31/23","Emerald Lake","11A",11,21,3,"Post","Castilleja","Present","Apiaceae","Ligusticum","porteri","LIPO","forb","perennial",30,2,0,0.3
"1","7/31/23","Emerald Lake","11A",11,21,3,"Post","Castilleja","Present","Brassicaceae","Noccaea","fendleri","NOFE","forb","perennial",0.1,2,0,0.001
"1","7/31/23","Emerald Lake","11A",11,21,3,"Post","Castilleja","Present","Rosaceae","Potentilla","gracilis","POGR","forb","perennial",4,2,0,0.04
"1","7/31/23","Emerald Lake","11A",11,21,3,"Post","Castilleja","Present","Asteraceae","Senecio","crassulus","SECR","forb","perennial",7,9,0,0.07
"1","7/31/23","Emerald Lake","11A",11,21,3,"Post","Castilleja","Present","Thalictraceae","Thalictrum","fendleri","THFE","forb","perennial",4,2,0,0.04
"1","7/31/23","Emerald Lake","11A",11,21,3,"Post","Castilleja","Present","Violaceae","Viola","nuttallii","VINU","forb","perennial",0.5,1,0,0.005
"1","7/31/23","Emerald Lake","11A",11,21,3,"Post","Castilleja","Present","Poaceae","Elymus","glaucus","ELGL","grass","perennial",6,7,1,0.06
"1","7/31/23","Emerald Lake","11A",11,21,3,"Post","Castilleja","Present","Poaceae","Melica","spectabilis","MESP","grass","perennial",12,4,0,0.12
"1","7/31/23","Emerald Lake","11B",11,22,3,"Post","Castilleja","Removed","Asteraceae","Erigeron","speciosus","ERSP","forb","perennial",3,3,0,0.03
"1","7/31/23","Emerald Lake","11B",11,22,3,"Post","Castilleja","Removed","Asteraceae","Helianthella","quinquenervis","HEQU","forb","perennial",15,10,0,0.15
"1","7/31/23","Emerald Lake","11B",11,22,3,"Post","Castilleja","Removed","Asteraceae","Hymenoxys","hoopesii","HYHO","forb","perennial",5,4,0,0.05
"1","7/31/23","Emerald Lake","11B",11,22,3,"Post","Castilleja","Removed","Apiaceae","Ligusticum","porteri","LIPO","forb","perennial",7,3,0,0.07
"1","7/31/23","Emerald Lake","11B",11,22,3,"Post","Castilleja","Removed","Boraginaceae","Mertensia","ciliata","MECI","forb","perennial",4,3,0,0.04
"1","7/31/23","Emerald Lake","11B",11,22,3,"Post","Castilleja","Removed","Brassicaceae","Noccaea","fendleri","NOFE","forb","perennial",0.1,2,0,0.001
"1","7/31/23","Emerald Lake","11B",11,22,3,"Post","Castilleja","Removed","Rosaceae","Potentilla","gracilis","POGR","forb","perennial",25,6,0,0.25
"1","7/31/23","Emerald Lake","11B",11,22,3,"Post","Castilleja","Removed","Poaceae","Melica","spectabilis","MESP","grass","perennial",12,7,0,0.12
"1","7/31/23","Emerald Lake","11B",11,22,3,"Post","Castilleja","Removed","Fabaceae","Lupinus","argentus","LUAR","legume","perennial",3,2,0,0.03
"1","7/31/23","Emerald Lake","11B",11,22,3,"Post","Castilleja","Removed","Cyperaceae","Carex","Hoodii","CAHO","sedge","perennial",6,7,0,0.06
"1","7/31/23","Emerald Lake","12A",12,23,3,"Post","Control","Present","Onagraceae","Chamaenuerion","angustifolium","CHAN","forb","perennial",25,12,0,0.25
"1","7/31/23","Emerald Lake","12A",12,23,3,"Post","Control","Present","Asteraceae","Erigeron","coulteri","ERCO","forb","perennial",3,1,0,0.03
"1","7/31/23","Emerald Lake","12A",12,23,3,"Post","Control","Present","Geraniaceae","Geranium","richardsonii","GERI","forb","perennial",1,1,0,0.01
"1","7/31/23","Emerald Lake","12A",12,23,3,"Post","Control","Present","Apiaceae","Heracleum","maximum","HEMA","forb","perennial",4,2,1,0.04
"1","7/31/23","Emerald Lake","12A",12,23,3,"Post","Control","Present","Asteraceae","Hymenoxys","hoopesii","HYHO","forb","perennial",2,2,0,0.02
"1","7/31/23","Emerald Lake","12A",12,23,3,"Post","Control","Present","Apiaceae","Ligusticum","porteri","LIPO","forb","perennial",7,1,0,0.07
"1","7/31/23","Emerald Lake","12A",12,23,3,"Post","Control","Present","Boraginaceae","Mertensia","ciliata","MECI","forb","perennial",4,5,1,0.04
"1","7/31/23","Emerald Lake","12A",12,23,3,"Post","Control","Present","Rosaceae","Potentilla","gracilis","POGR","forb","perennial",2,2,0,0.02
"1","7/31/23","Emerald Lake","12A",12,23,3,"Post","Control","Present","Caprifoliaceae","Valeriana","occidentalis","VAOC","forb","perennial",15,10,0,0.15
"1","7/31/23","Emerald Lake","12A",12,23,3,"Post","Control","Present","Poaceae","Elymus","glaucus","ELGL","grass","perennial",4,4,0,0.04
"1","7/31/23","Emerald Lake","12A",12,23,3,"Post","Control","Present","Poaceae","Melica","spectabilis","MESP","grass","perennial",1,6,0,0.01
"1","7/31/23","Emerald Lake","12A",12,23,3,"Post","Control","Present","Cyperaceae","Carex","Hoodii","CAHO","sedge","perennial",1,4,1,0.01
"1","7/31/23","Emerald Lake","12A",12,23,3,"Post","Control","Present","Grossulariaceae","Ribes","montigenum","RIMO","shrub","perennial",30,1,0,0.3
"1","7/31/23","Emerald Lake","12B",12,24,3,"Post","Control","Removed","Onagraceae","Chamaenuerion","angustifolium","CHAN","forb","perennial",1,1,0,0.01
"1","7/31/23","Emerald Lake","12B",12,24,3,"Post","Control","Removed","Asteraceae","Erigeron","coulteri","ERCO","forb","perennial",4,4,0,0.04
"1","7/31/23","Emerald Lake","12B",12,24,3,"Post","Control","Removed","Rosaceae","Fragaria","virginiana","FRVI","forb","perennial",3,8,0,0.03
"1","7/31/23","Emerald Lake","12B",12,24,3,"Post","Control","Removed","Asteraceae","Helianthella","quinquenervis","HEQU","forb","perennial",15,9,0,0.15
"1","7/31/23","Emerald Lake","12B",12,24,3,"Post","Control","Removed","Apiaceae","Heracleum","maximum","HEMA","forb","perennial",30,2,0,0.3
"1","7/31/23","Emerald Lake","12B",12,24,3,"Post","Control","Removed","Apiaceae","Ligusticum","porteri","LIPO","forb","perennial",7,1,0,0.07
"1","7/31/23","Emerald Lake","12B",12,24,3,"Post","Control","Removed","Boraginaceae","Mertensia","ciliata","MECI","forb","perennial",1,2,0,0.01
"1","7/31/23","Emerald Lake","12B",12,24,3,"Post","Control","Removed","Rosaceae","Potentilla","gracilis","POGR","forb","perennial",7,3,0,0.07
"1","7/31/23","Emerald Lake","12B",12,24,3,"Post","Control","Removed","Asteraceae","Senecio","crassulus","SECR","forb","perennial",1,3,0,0.01
"1","7/31/23","Emerald Lake","12B",12,24,3,"Post","Control","Removed","Caprifoliaceae","Valeriana","occidentalis","VAOC","forb","perennial",6,8,0,0.06
"1","7/31/23","Emerald Lake","12B",12,24,3,"Post","Control","Removed","Poaceae","Bromus","pumpellianus","BRPU","grass","perennial",5,11,0,0.05
"1","7/31/23","Emerald Lake","12B",12,24,3,"Post","Control","Removed","Poaceae","Melica","spectabilis","MESP","grass","perennial",0.5,1,0,0.005
"1","7/31/23","Emerald Lake","12B",12,24,3,"Post","Control","Removed","Grossulariaceae","Ribes","montigenum","RIMO","shrub","perennial",10,1,0,0.1
"1","8/1/23","Emerald Lake","13A",13,25,1,"Post","Control","Removed","Primulaceae","Androsace","septentrionalis","ANSE","forb","annual",0.2,2,0,0.002
"1","8/1/23","Emerald Lake","13A",13,25,1,"Post","Control","Removed","Ranunculaceae","Aquilegia","Coerulea","AQCO","forb","perennial",3,1,0,0.03
"1","8/1/23","Emerald Lake","13A",13,25,1,"Post","Control","Removed","Onagraceae","Chamaenuerion","angustifolium","CHAN","forb","perennial",1,1,0,0.01
"1","8/1/23","Emerald Lake","13A",13,25,1,"Post","Control","Removed","Ranunculaceae","Delphinium","barbeyi","DEBA","forb","perennial",1,1,0,0.01
"1","8/1/23","Emerald Lake","13A",13,25,1,"Post","Control","Removed","Asteraceae","Erigeron","coulteri","ERCO","forb","perennial",2,3,0,0.02
"1","8/1/23","Emerald Lake","13A",13,25,1,"Post","Control","Removed","Rosaceae","Fragaria","virginiana","FRVI","forb","perennial",2,10,0,0.02
"1","8/1/23","Emerald Lake","13A",13,25,1,"Post","Control","Removed","Asteraceae","Helianthella","quinquenervis","HEQU","forb","perennial",10,7,0,0.1
"1","8/1/23","Emerald Lake","13A",13,25,1,"Post","Control","Removed","Apiaceae","Ligusticum","porteri","LIPO","forb","perennial",14,3,0,0.14
"1","8/1/23","Emerald Lake","13A",13,25,1,"Post","Control","Removed","Rosaceae","Potentilla","gracilis","POGR","forb","perennial",7,4,0,0.07
"1","8/1/23","Emerald Lake","13A",13,25,1,"Post","Control","Removed","Caprifoliaceae","Valeriana","occidentalis","VAOC","forb","perennial",4,1,0,0.04
"1","8/1/23","Emerald Lake","13A",13,25,1,"Post","Control","Removed","Poaceae","Elymus","glaucus","ELGL","grass","perennial",2,4,0,0.02
"1","8/1/23","Emerald Lake","13A",13,25,1,"Post","Control","Removed","Poaceae","Melica","spectabilis","MESP","grass","perennial",1,1,0,0.01
"1","8/1/23","Emerald Lake","13A",13,25,1,"Post","Control","Removed","Fabaceae","Lupinus","argentus","LUAR","legume","perennial",3,5,0,0.03
"1","8/1/23","Emerald Lake","13A",13,25,1,"Post","Control","Removed","Cyperaceae","Carex","Hoodii","CAHO","sedge","perennial",3,4,0,0.03
"1","8/1/23","Emerald Lake","13B",13,26,1,"Post","Control","Present","Ranunculaceae","Delphinium","barbeyi","DEBA","forb","perennial",1.5,1,0,0.015
"1","8/1/23","Emerald Lake","13B",13,26,1,"Post","Control","Present","Asteraceae","Erigeron","coulteri","ERCO","forb","perennial",1,1,0,0.01
"1","8/1/23","Emerald Lake","13B",13,26,1,"Post","Control","Present","Asteraceae","Erigeron","speciosus","ERSP","forb","perennial",6,2,0,0.06
"1","8/1/23","Emerald Lake","13B",13,26,1,"Post","Control","Present","Rosaceae","Fragaria","virginiana","FRVI","forb","perennial",1,4,0,0.01
"1","8/1/23","Emerald Lake","13B",13,26,1,"Post","Control","Present","Asteraceae","Helianthella","quinquenervis","HEQU","forb","perennial",15,8,1,0.15
"1","8/1/23","Emerald Lake","13B",13,26,1,"Post","Control","Present","Apiaceae","Ligusticum","porteri","LIPO","forb","perennial",13,2,0,0.13
"1","8/1/23","Emerald Lake","13B",13,26,1,"Post","Control","Present","Boraginaceae","Mertensia","ciliata","MECI","forb","perennial",1,2,0,0.01
"1","8/1/23","Emerald Lake","13B",13,26,1,"Post","Control","Present","Rosaceae","Potentilla","gracilis","POGR","forb","perennial",5,3,0,0.05
"1","8/1/23","Emerald Lake","13B",13,26,1,"Post","Control","Present","Caprifoliaceae","Valeriana","occidentalis","VAOC","forb","perennial",5,2,0,0.05
"1","8/1/23","Emerald Lake","13B",13,26,1,"Post","Control","Present","Poaceae","Bromus","pumpellianus","BRPU","grass","perennial",0.1,1,1,0.001
"1","8/1/23","Emerald Lake","13B",13,26,1,"Post","Control","Present","Poaceae","Elymus","glaucus","ELGL","grass","perennial",1,1,0,0.01
"1","8/1/23","Emerald Lake","13B",13,26,1,"Post","Control","Present","Poaceae","Melica","spectabilis","MESP","grass","perennial",2,2,0,0.02
"1","8/1/23","Emerald Lake","13B",13,26,1,"Post","Control","Present","Fabaceae","Lupinus","argentus","LUAR","legume","perennial",4,4,1,0.04
"1","8/1/23","Emerald Lake","13B",13,26,1,"Post","Control","Present","Cyperaceae","Carex","Hoodii","CAHO","sedge","perennial",3,5,1,0.03
"1","8/1/23","Emerald Lake","14A",14,27,1,"Post","Community","Present","Asteraceae","Erigeron","speciosus","ERSP","forb","perennial",1,1,0,0.01
"1","8/1/23","Emerald Lake","14A",14,27,1,"Post","Community","Present","Geraniaceae","Geranium","richardsonii","GERI","forb","perennial",1,1,0,0.01
"1","8/1/23","Emerald Lake","14A",14,27,1,"Post","Community","Present","Asteraceae","Hymenoxys","hoopesii","HYHO","forb","perennial",5,3,1,0.05
"1","8/1/23","Emerald Lake","14A",14,27,1,"Post","Community","Present","Apiaceae","Ligusticum","porteri","LIPO","forb","perennial",3,2,0,0.03
"1","8/1/23","Emerald Lake","14A",14,27,1,"Post","Community","Present","Rosaceae","Potentilla","gracilis","POGR","forb","perennial",1,1,0,0.01
"1","8/1/23","Emerald Lake","14A",14,27,1,"Post","Community","Present","Asteraceae","Senecio","crassulus","SECR","forb","perennial",1,2,1,0.01
"1","8/1/23","Emerald Lake","14A",14,27,1,"Post","Community","Present","Poaceae","Elymus","glaucus","ELGL","grass","perennial",3,9,0,0.03
"1","8/1/23","Emerald Lake","14A",14,27,1,"Post","Community","Present","Grossulariaceae","Ribes","montigenum","RIMO","shrub","perennial",40,2,0,0.4
"1","8/1/23","Emerald Lake","14B",14,28,1,"Post","Community","Removed","Ranunculaceae","Delphinium","barbeyi","DEBA","forb","perennial",0.5,1,0,0.005
"1","8/1/23","Emerald Lake","14B",14,28,1,"Post","Community","Removed","Liliaceae","Erythronium","grandiflorum","ERGR","forb","perennial",0.5,1,0,0.005
"1","8/1/23","Emerald Lake","14B",14,28,1,"Post","Community","Removed","Rosaceae","Fragaria","virginiana","FRVI","forb","perennial",1,5,0,0.01
"1","8/1/23","Emerald Lake","14B",14,28,1,"Post","Community","Removed","Rubiaceae","Galium","bifolium","GABI","forb","perennial",1,1,0,0.01
"1","8/1/23","Emerald Lake","14B",14,28,1,"Post","Community","Removed","Geraniaceae","Geranium","richardsonii","GERI","forb","perennial",0.1,1,0,0.001
"1","8/1/23","Emerald Lake","14B",14,28,1,"Post","Community","Removed","Asteraceae","Helianthella","quinquenervis","HEQU","forb","perennial",3,2,0,0.03
"1","8/1/23","Emerald Lake","14B",14,28,1,"Post","Community","Removed","Apiaceae","Heracleum","maximum","HEMA","forb","perennial",11,1,0,0.11
"1","8/1/23","Emerald Lake","14B",14,28,1,"Post","Community","Removed","Asteraceae","Hymenoxys","hoopesii","HYHO","forb","perennial",8,7,0,0.08
"1","8/1/23","Emerald Lake","14B",14,28,1,"Post","Community","Removed","Rosaceae","Potentilla","gracilis","POGR","forb","perennial",0.2,1,0,0.002
"1","8/1/23","Emerald Lake","14B",14,28,1,"Post","Community","Removed","Asteraceae","Senecio","crassulus","SECR","forb","perennial",1.5,3,0,0.015
"1","8/1/23","Emerald Lake","14B",14,28,1,"Post","Community","Removed","Poaceae","Elymus","glaucus","ELGL","grass","perennial",5,7,0,0.05
"1","8/1/23","Emerald Lake","14B",14,28,1,"Post","Community","Removed","Poaceae","Melica","spectabilis","MESP","grass","perennial",5,10,0,0.05
"1","8/1/23","Emerald Lake","14B",14,28,1,"Post","Community","Removed","Grossulariaceae","Ribes","montigenum","RIMO","shrub","perennial",30,1,0,0.3
"1","8/1/23","Emerald Lake","15A",15,29,1,"Post","Castilleja","Present","Primulaceae","Androsace","septentrionalis","ANSE","forb","annual",0.4,1,0,0.004
"1","8/1/23","Emerald Lake","15A",15,29,1,"Post","Castilleja","Present","Liliaceae","Erythronium","grandiflorum","ERGR","forb","perennial",2,4,1,0.02
"1","8/1/23","Emerald Lake","15A",15,29,1,"Post","Castilleja","Present","Geraniaceae","Geranium","richardsonii","GERI","forb","perennial",1,1,0,0.01
"1","8/1/23","Emerald Lake","15A",15,29,1,"Post","Castilleja","Present","Asteraceae","Helianthella","quinquenervis","HEQU","forb","perennial",4,2,0,0.04
"1","8/1/23","Emerald Lake","15A",15,29,1,"Post","Castilleja","Present","Apiaceae","Ligusticum","porteri","LIPO","forb","perennial",5,1,0,0.05
"1","8/1/23","Emerald Lake","15A",15,29,1,"Post","Castilleja","Present","Rosaceae","Potentilla","gracilis","POGR","forb","perennial",7,5,1,0.07
"1","8/1/23","Emerald Lake","15A",15,29,1,"Post","Castilleja","Present","Crassulaceae","Rhodiola","integrifolia","RHIN","forb","perennial",0.5,1,0,0.005
"1","8/1/23","Emerald Lake","15A",15,29,1,"Post","Castilleja","Present","Poaceae","Elymus","glaucus","ELGL","grass","perennial",20,8,1,0.2
"1","8/1/23","Emerald Lake","15A",15,29,1,"Post","Castilleja","Present","Poaceae","Melica","spectabilis","MESP","grass","perennial",1,2,0,0.01
"1","8/1/23","Emerald Lake","15A",15,29,1,"Post","Castilleja","Present","Fabaceae","Lupinus","argentus","LUAR","legume","perennial",8,5,0,0.08
"1","8/1/23","Emerald Lake","15B",15,30,1,"Post","Castilleja","Removed","Liliaceae","Erythronium","grandiflorum","ERGR","forb","perennial",0.5,2,0,0.005
"1","8/1/23","Emerald Lake","15B",15,30,1,"Post","Castilleja","Removed","Asteraceae","Helianthella","quinquenervis","HEQU","forb","perennial",1.5,1,0,0.015
"1","8/1/23","Emerald Lake","15B",15,30,1,"Post","Castilleja","Removed","Apiaceae","Ligusticum","porteri","LIPO","forb","perennial",1,1,0,0.01
"1","8/1/23","Emerald Lake","15B",15,30,1,"Post","Castilleja","Removed","Rosaceae","Potentilla","gracilis","POGR","forb","perennial",1,1,0,0.01
"1","8/1/23","Emerald Lake","15B",15,30,1,"Post","Castilleja","Removed","Asteraceae","Senecio","crassulus","SECR","forb","perennial",2,3,0,0.02
"1","8/1/23","Emerald Lake","15B",15,30,1,"Post","Castilleja","Removed","Poaceae","Elymus","glaucus","ELGL","grass","perennial",8,10,0,0.08
"1","8/1/23","Emerald Lake","15B",15,30,1,"Post","Castilleja","Removed","Poaceae","Melica","spectabilis","MESP","grass","perennial",10,6,0,0.1
"1","8/1/23","Emerald Lake","15B",15,30,1,"Post","Castilleja","Removed","Fabaceae","Lupinus","argentus","LUAR","legume","perennial",2,3,0,0.02
"1","8/1/23","Emerald Lake","15B",15,30,1,"Post","Castilleja","Removed","Cyperaceae","Carex","Hoodii","CAHO","sedge","perennial",1,4,0,0.01
"1","8/1/23","Emerald Lake","16A",16,31,2,"Post","Control","Present","Primulaceae","Androsace","septentrionalis","ANSE","forb","annual",0.5,3,0,0.005
"1","8/1/23","Emerald Lake","16A",16,31,2,"Post","Control","Present","Rosaceae","Fragaria","virginiana","FRVI","forb","perennial",0.2,4,0,0.002
"1","8/1/23","Emerald Lake","16A",16,31,2,"Post","Control","Present","Asteraceae","Helianthella","quinquenervis","HEQU","forb","perennial",1.5,2,0,0.015
"1","8/1/23","Emerald Lake","16A",16,31,2,"Post","Control","Present","Rosaceae","Potentilla","gracilis","POGR","forb","perennial",2.5,3,0,0.025
"1","8/1/23","Emerald Lake","16A",16,31,2,"Post","Control","Present","Asteraceae","Senecio","crassulus","SECR","forb","perennial",3,5,0,0.03
"1","8/1/23","Emerald Lake","16A",16,31,2,"Post","Control","Present","Caprifoliaceae","Valeriana","occidentalis","VAOC","forb","perennial",2,10,0,0.02
"1","8/1/23","Emerald Lake","16A",16,31,2,"Post","Control","Present","Poaceae","Elymus","glaucus","ELGL","grass","perennial",9,11,1,0.09
"1","8/1/23","Emerald Lake","16A",16,31,2,"Post","Control","Present","Poaceae","Phleum","alpinum","PHAL","grass","perennial",0.1,1,0,0.001
"1","8/1/23","Emerald Lake","16A",16,31,2,"Post","Control","Present","Fabaceae","Lupinus","argentus","LUAR","legume","perennial",8,11,1,0.08
"1","8/1/23","Emerald Lake","16B",16,32,2,"Post","Control","Removed","Onagraceae","Chamaenuerion","angustifolium","CHAN","forb","perennial",7,7,0,0.07
"1","8/1/23","Emerald Lake","16B",16,32,2,"Post","Control","Removed","Liliaceae","Erythronium","grandiflorum","ERGR","forb","perennial",2,7,0,0.02
"1","8/1/23","Emerald Lake","16B",16,32,2,"Post","Control","Removed","Geraniaceae","Geranium","richardsonii","GERI","forb","perennial",3,1,0,0.03
"1","8/1/23","Emerald Lake","16B",16,32,2,"Post","Control","Removed","Rosaceae","Potentilla","gracilis","POGR","forb","perennial",3,3,0,0.03
"1","8/1/23","Emerald Lake","16B",16,32,2,"Post","Control","Removed","Caprifoliaceae","Valeriana","occidentalis","VAOC","forb","perennial",1,8,0,0.01
"1","8/1/23","Emerald Lake","16B",16,32,2,"Post","Control","Removed","Violaceae","Viola","nuttallii","VINU","forb","perennial",1,1,0,0.01
"1","8/1/23","Emerald Lake","16B",16,32,2,"Post","Control","Removed","Poaceae","Elymus","glaucus","ELGL","grass","perennial",25,9,0,0.25
"1","8/1/23","Emerald Lake","16B",16,32,2,"Post","Control","Removed","Poaceae","Melica","spectabilis","MESP","grass","perennial",10,4,0,0.1
"1","8/1/23","Emerald Lake","16B",16,32,2,"Post","Control","Removed","Fabaceae","Lupinus","argentus","LUAR","legume","perennial",7,5,0,0.07
"1","8/1/23","Emerald Lake","17A",17,33,4,"Post","Community","Removed","Primulaceae","Androsace","septentrionalis","ANSE","forb","annual",1,5,0,0.01
"1","8/1/23","Emerald Lake","17A",17,33,4,"Post","Community","Removed","Onagraceae","Chamaenuerion","angustifolium","CHAN","forb","perennial",3,3,0,0.03
"1","8/1/23","Emerald Lake","17A",17,33,4,"Post","Community","Removed","Asteraceae","Erigeron","coulteri","ERCO","forb","perennial",1,1,0,0.01
"1","8/1/23","Emerald Lake","17A",17,33,4,"Post","Community","Removed","Rosaceae","Fragaria","virginiana","FRVI","forb","perennial",0.1,3,0,0.001
"1","8/1/23","Emerald Lake","17A",17,33,4,"Post","Community","Removed","Geraniaceae","Geranium","richardsonii","GERI","forb","perennial",3,2,0,0.03
"1","8/1/23","Emerald Lake","17A",17,33,4,"Post","Community","Removed","Asteraceae","Helianthella","quinquenervis","HEQU","forb","perennial",1.5,3,0,0.015
"1","8/1/23","Emerald Lake","17A",17,33,4,"Post","Community","Removed","Apiaceae","Heracleum","maximum","HEMA","forb","perennial",4,1,0,0.04
"1","8/1/23","Emerald Lake","17A",17,33,4,"Post","Community","Removed","Asteraceae","Hymenoxys","hoopesii","HYHO","forb","perennial",1.5,3,0,0.015
"1","8/1/23","Emerald Lake","17A",17,33,4,"Post","Community","Removed","Brassicaceae","Noccaea","fendleri","NOFE","forb","perennial",0.1,1,0,0.001
"1","8/1/23","Emerald Lake","17A",17,33,4,"Post","Community","Removed","Polygonaceae","Rumex","salicifolius","RUSA","forb","perennial",0.5,1,0,0.005
"1","8/1/23","Emerald Lake","17A",17,33,4,"Post","Community","Removed","Asteraceae","Senecio","crassulus","SECR","forb","perennial",1,1,0,0.01
"1","8/1/23","Emerald Lake","17A",17,33,4,"Post","Community","Removed","Caprifoliaceae","Valeriana","occidentalis","VAOC","forb","perennial",2,4,0,0.02
"1","8/1/23","Emerald Lake","17A",17,33,4,"Post","Community","Removed","Poaceae","Elymus","glaucus","ELGL","grass","perennial",12,9,0,0.12
"1","8/1/23","Emerald Lake","17A",17,33,4,"Post","Community","Removed","Poaceae","Poa","pratensis","POPR","grass","perennial",0.1,1,0,0.001
"1","8/1/23","Emerald Lake","17A",17,33,4,"Post","Community","Removed","Fabaceae","Lupinus","argentus","LUAR","legume","perennial",6,5,0,0.06
"1","8/1/23","Emerald Lake","17B",17,34,4,"Post","Community","Present","Onagraceae","Chamaenuerion","angustifolium","CHAN","forb","perennial",7,5,0,0.07
"1","8/1/23","Emerald Lake","17B",17,34,4,"Post","Community","Present","Rubiaceae","Galium","bifolium","GABI","forb","perennial",2,20,0,0.02
"1","8/1/23","Emerald Lake","17B",17,34,4,"Post","Community","Present","Asteraceae","Helianthella","quinquenervis","HEQU","forb","perennial",1,1,0,0.01
"1","8/1/23","Emerald Lake","17B",17,34,4,"Post","Community","Present","Asteraceae","Hymenoxys","hoopesii","HYHO","forb","perennial",2,1,0,0.02
"1","8/1/23","Emerald Lake","17B",17,34,4,"Post","Community","Present","Boraginaceae","Mertensia","ciliata","MECI","forb","perennial",6,4,0,0.06
"1","8/1/23","Emerald Lake","17B",17,34,4,"Post","Community","Present","Polygonaceae","Rumex","salicifolius","RUSA","forb","perennial",2,1,0,0.02
"1","8/1/23","Emerald Lake","17B",17,34,4,"Post","Community","Present","Melanthiaceae","Veratrum","californicum","VECA","forb","perennial",3.5,9,0,0.035
"1","8/1/23","Emerald Lake","17B",17,34,4,"Post","Community","Present","Poaceae","Elymus","glaucus","ELGL","grass","perennial",9,7,1,0.09
"1","8/1/23","Emerald Lake","17B",17,34,4,"Post","Community","Present","Fabaceae","Lupinus","argentus","LUAR","legume","perennial",3,1,1,0.03
"1","8/1/23","Emerald Lake","18A",18,35,5,"Post","Community","Present","Onagraceae","Chamaenuerion","angustifolium","CHAN","forb","perennial",50,14,0,0.5
"1","8/1/23","Emerald Lake","18A",18,35,5,"Post","Community","Present","Ranunculaceae","Delphinium","barbeyi","DEBA","forb","perennial",20,5,0,0.2
"1","8/1/23","Emerald Lake","18A",18,35,5,"Post","Community","Present","Apiaceae","Heracleum","maximum","HEMA","forb","perennial",4,1,0,0.04
"1","8/1/23","Emerald Lake","18A",18,35,5,"Post","Community","Present","Asteraceae","Hymenoxys","hoopesii","HYHO","forb","perennial",4,2,0,0.04
"1","8/1/23","Emerald Lake","18A",18,35,5,"Post","Community","Present","Apiaceae","Ligusticum","porteri","LIPO","forb","perennial",12,2,0,0.12
"1","8/1/23","Emerald Lake","18A",18,35,5,"Post","Community","Present","Boraginaceae","Mertensia","ciliata","MECI","forb","perennial",1,1,0,0.01
"1","8/1/23","Emerald Lake","18A",18,35,5,"Post","Community","Present","Caprifoliaceae","Valeriana","occidentalis","VAOC","forb","perennial",2,8,0,0.02
"1","8/1/23","Emerald Lake","18A",18,35,5,"Post","Community","Present","Poaceae","Bromus","pumpellianus","BRPU","grass","perennial",0.2,2,0,0.002
"1","8/1/23","Emerald Lake","18A",18,35,5,"Post","Community","Present","Poaceae","Elymus","glaucus","ELGL","grass","perennial",10,15,0,0.1
"1","8/1/23","Emerald Lake","18A",18,35,5,"Post","Community","Present","Fabaceae","Lupinus","argentus","LUAR","legume","perennial",3,1,0,0.03
"1","8/1/23","Emerald Lake","18B",18,36,5,"Post","Community","Removed","Onagraceae","Chamaenuerion","angustifolium","CHAN","forb","perennial",55,15,1,0.55
"1","8/1/23","Emerald Lake","18B",18,36,5,"Post","Community","Removed","Ranunculaceae","Delphinium","barbeyi","DEBA","forb","perennial",4,1,1,0.04
"1","8/1/23","Emerald Lake","18B",18,36,5,"Post","Community","Removed","Geraniaceae","Geranium","richardsonii","GERI","forb","perennial",3,1,0,0.03
"1","8/1/23","Emerald Lake","18B",18,36,5,"Post","Community","Removed","Apiaceae","Heracleum","maximum","HEMA","forb","perennial",10,1,0,0.1
"1","8/1/23","Emerald Lake","18B",18,36,5,"Post","Community","Removed","Asteraceae","Hymenoxys","hoopesii","HYHO","forb","perennial",3,4,0,0.03
"1","8/1/23","Emerald Lake","18B",18,36,5,"Post","Community","Removed","Apiaceae","Ligusticum","porteri","LIPO","forb","perennial",12,2,0,0.12
"1","8/1/23","Emerald Lake","18B",18,36,5,"Post","Community","Removed","Boraginaceae","Mertensia","ciliata","MECI","forb","perennial",8,6,1,0.08
"1","8/1/23","Emerald Lake","18B",18,36,5,"Post","Community","Removed","Poaceae","Elymus","glaucus","ELGL","grass","perennial",2,8,1,0.02
"1","8/1/23","Emerald Lake","19A",19,37,5,"Post","Castilleja","Present","Onagraceae","Chamaenuerion","angustifolium","CHAN","forb","perennial",40,12,0,0.4
"1","8/1/23","Emerald Lake","19A",19,37,5,"Post","Castilleja","Present","Asteraceae","Erigeron","coulteri","ERCO","forb","perennial",4,1,0,0.04
"1","8/1/23","Emerald Lake","19A",19,37,5,"Post","Castilleja","Present","Geraniaceae","Geranium","richardsonii","GERI","forb","perennial",3,1,0,0.03
"1","8/1/23","Emerald Lake","19A",19,37,5,"Post","Castilleja","Present","Apiaceae","Heracleum","maximum","HEMA","forb","perennial",2,1,0,0.02
"1","8/1/23","Emerald Lake","19A",19,37,5,"Post","Castilleja","Present","Asteraceae","Hymenoxys","hoopesii","HYHO","forb","perennial",15,8,1,0.15
"1","8/1/23","Emerald Lake","19A",19,37,5,"Post","Castilleja","Present","Asteraceae","Senecio","crassulus","SECR","forb","perennial",1.5,1,0,0.015
"1","8/1/23","Emerald Lake","19A",19,37,5,"Post","Castilleja","Present","Caprifoliaceae","Valeriana","occidentalis","VAOC","forb","perennial",4,12,0,0.04
"1","8/1/23","Emerald Lake","19A",19,37,5,"Post","Castilleja","Present","Poaceae","Elymus","glaucus","ELGL","grass","perennial",8,10,1,0.08
"1","8/1/23","Emerald Lake","19A",19,37,5,"Post","Castilleja","Present","Cyperaceae","Carex","Hoodii","CAHO","sedge","perennial",1,1,0,0.01
"1","8/1/23","Emerald Lake","19B",19,38,5,"Post","Castilleja","Removed","Onagraceae","Chamaenuerion","angustifolium","CHAN","forb","perennial",30,0,0,0.3
"1","8/1/23","Emerald Lake","19B",19,38,5,"Post","Castilleja","Removed","Ranunculaceae","Delphinium","barbeyi","DEBA","forb","perennial",10,0,0,0.1
"1","8/1/23","Emerald Lake","19B",19,38,5,"Post","Castilleja","Removed","Asteraceae","Erigeron","coulteri","ERCO","forb","perennial",4.5,3,0,0.045
"1","8/1/23","Emerald Lake","19B",19,38,5,"Post","Castilleja","Removed","Asteraceae","Hymenoxys","hoopesii","HYHO","forb","perennial",8,4,0,0.08
"1","8/1/23","Emerald Lake","19B",19,38,5,"Post","Castilleja","Removed","Apiaceae","Ligusticum","porteri","LIPO","forb","perennial",6,1,0,0.06
"1","8/1/23","Emerald Lake","19B",19,38,5,"Post","Castilleja","Removed","Boraginaceae","Mertensia","ciliata","MECI","forb","perennial",3,4,0,0.03
"1","8/1/23","Emerald Lake","19B",19,38,5,"Post","Castilleja","Removed","Asteraceae","Senecio","crassulus","SECR","forb","perennial",4,4,0,0.04
"1","8/1/23","Emerald Lake","19B",19,38,5,"Post","Castilleja","Removed","Poaceae","Bromus","pumpellianus","BRPU","grass","perennial",1,1,0,0.01
"1","8/1/23","Emerald Lake","19B",19,38,5,"Post","Castilleja","Removed","Poaceae","Elymus","glaucus","ELGL","grass","perennial",10,7,0,0.1
"1","8/1/23","Emerald Lake","19B",19,38,5,"Post","Castilleja","Removed","Poaceae","Melica","spectabilis","MESP","grass","perennial",8,2,0,0.08
"1","8/1/23","Emerald Lake","19B",19,38,5,"Post","Castilleja","Removed","Fabaceae","Lupinus","argentus","LUAR","legume","perennial",9,3,0,0.09
"1","8/1/23","Emerald Lake","20A",20,39,4,"Post","Mixed","Present","Onagraceae","Chamaenuerion","angustifolium","CHAN","forb","perennial",5,5,0,0.05
"1","8/1/23","Emerald Lake","20A",20,39,4,"Post","Mixed","Present","Onagraceae","Epilobium","ciliatum","EPCI","forb","perennial",1,4,0,0.01
"1","8/1/23","Emerald Lake","20A",20,39,4,"Post","Mixed","Present","Geraniaceae","Geranium","richardsonii","GERI","forb","perennial",15,2,0,0.15
"1","8/1/23","Emerald Lake","20A",20,39,4,"Post","Mixed","Present","Asteraceae","Helianthella","quinquenervis","HEQU","forb","perennial",4,1,0,0.04
"1","8/1/23","Emerald Lake","20A",20,39,4,"Post","Mixed","Present","Apiaceae","Heracleum","maximum","HEMA","forb","perennial",4,1,0,0.04
"1","8/1/23","Emerald Lake","20A",20,39,4,"Post","Mixed","Present","Boraginaceae","Hydrophyllum","capitatum","HYCA","forb","perennial",4,3,0,0.04
"1","8/1/23","Emerald Lake","20A",20,39,4,"Post","Mixed","Present","Boraginaceae","Mertensia","ciliata","MECI","forb","perennial",4,2,0,0.04
"1","8/1/23","Emerald Lake","20A",20,39,4,"Post","Mixed","Present","Rosaceae","Potentilla","gracilis","POGR","forb","perennial",7,3,0,0.07
"1","8/1/23","Emerald Lake","20A",20,39,4,"Post","Mixed","Present","Poaceae","Bromus","pumpellianus","BRPU","grass","perennial",0.1,1,0,0.001
"1","8/1/23","Emerald Lake","20A",20,39,4,"Post","Mixed","Present","Poaceae","Elymus","glaucus","ELGL","grass","perennial",12,7,0,0.12
"1","8/1/23","Emerald Lake","20A",20,39,4,"Post","Mixed","Present","Poaceae","Melica","spectabilis","MESP","grass","perennial",10,4,0,0.1
"1","8/1/23","Emerald Lake","20A",20,39,4,"Post","Mixed","Present","Fabaceae","Lupinus","argentus","LUAR","legume","perennial",4,3,0,0.04
"1","8/1/23","Emerald Lake","20B",20,40,4,"Post","Mixed","Removed","Onagraceae","Chamaenuerion","angustifolium","CHAN","forb","perennial",1,1,0,0.01
"1","8/1/23","Emerald Lake","20B",20,40,4,"Post","Mixed","Removed","Asteraceae","Erigeron","coulteri","ERCO","forb","perennial",1,1,0,0.01
"1","8/1/23","Emerald Lake","20B",20,40,4,"Post","Mixed","Removed","Liliaceae","Erythronium","grandiflorum","ERGR","forb","perennial",0.1,2,0,0.001
"1","8/1/23","Emerald Lake","20B",20,40,4,"Post","Mixed","Removed","Rubiaceae","Galium","bifolium","GABI","forb","perennial",0.5,8,0,0.005
"1","8/1/23","Emerald Lake","20B",20,40,4,"Post","Mixed","Removed","Geraniaceae","Geranium","richardsonii","GERI","forb","perennial",6,2,1,0.06
"1","8/1/23","Emerald Lake","20B",20,40,4,"Post","Mixed","Removed","Apiaceae","Heracleum","maximum","HEMA","forb","perennial",20,2,0,0.2
"1","8/1/23","Emerald Lake","20B",20,40,4,"Post","Mixed","Removed","Asteraceae","Hymenoxys","hoopesii","HYHO","forb","perennial",3,4,0,0.03
"1","8/1/23","Emerald Lake","20B",20,40,4,"Post","Mixed","Removed","Boraginaceae","Mertensia","ciliata","MECI","forb","perennial",9,10,0,0.09
"1","8/1/23","Emerald Lake","20B",20,40,4,"Post","Mixed","Removed","Rosaceae","Potentilla","gracilis","POGR","forb","perennial",5,1,0,0.05
"1","8/1/23","Emerald Lake","20B",20,40,4,"Post","Mixed","Removed","Asteraceae","Senecio","crassulus","SECR","forb","perennial",9,3,0,0.09
"1","8/1/23","Emerald Lake","20B",20,40,4,"Post","Mixed","Removed","Poaceae","Elymus","glaucus","ELGL","grass","perennial",5,7,1,0.05
"1","8/1/23","Emerald Lake","20B",20,40,4,"Post","Mixed","Removed","Fabaceae","Lupinus","argentus","LUAR","legume","perennial",2,1,1,0.02
"2","8/5/24","Emerald Lake","1A",1,1,1,"Post","Mixed","Removed","Primulaceae","Androsace","septentrionalis","ANSE","forb","annual",0.1,2,0,0.001
"2","8/5/24","Emerald Lake","1A",1,1,1,"Post","Mixed","Removed","Brassicaceae","Boechera","stricta","BOST","forb","biennial",0.5,3,0,0.005
"2","8/5/24","Emerald Lake","1A",1,1,1,"Post","Mixed","Removed","Onagraceae","Chamaenuerion","angustifolium","CHAN","forb","perennial",3,2,0,0.03
"2","8/5/24","Emerald Lake","1A",1,1,1,"Post","Mixed","Removed","Rosaceae","Fragaria","virginiana","FRVI","forb","perennial",0.5,2,0,0.005
"2","8/5/24","Emerald Lake","1A",1,1,1,"Post","Mixed","Removed","Geraniaceae","Geranium","richardsonii","GERI","forb","perennial",1,1,0,0.01
"2","8/5/24","Emerald Lake","1A",1,1,1,"Post","Mixed","Removed","Asteraceae","Helianthella","quinquenervis","HEQU","forb","perennial",35,7,0,0.35
"2","8/5/24","Emerald Lake","1A",1,1,1,"Post","Mixed","Removed","Apiaceae","Ligusticum","porteri","LIPO","forb","perennial",4,2,0,0.04
"2","8/5/24","Emerald Lake","1A",1,1,1,"Post","Mixed","Removed","Boraginaceae","Mertensia","ciliata","MECI","forb","perennial",1,1,0,0.01
"2","8/5/24","Emerald Lake","1A",1,1,1,"Post","Mixed","Removed","Rosaceae","Potentilla","gracilis","POGR","forb","perennial",3,3,0,0.03
"2","8/5/24","Emerald Lake","1A",1,1,1,"Post","Mixed","Removed","Caprifoliaceae","Valeriana","occidentalis","VAOC","forb","perennial",4,2,0,0.04
"2","8/5/24","Emerald Lake","1A",1,1,1,"Post","Mixed","Removed","Violaceae","Viola","nuttallii","VINU","forb","perennial",0.5,1,0,0.005
"2","8/5/24","Emerald Lake","1A",1,1,1,"Post","Mixed","Removed","Poaceae","Bromus","pumpellianus","BRPU","grass","perennial",0.5,1,0,0.005
"2","8/5/24","Emerald Lake","1A",1,1,1,"Post","Mixed","Removed","Poaceae","Elymus","glaucus","ELGL","grass","perennial",3,3,0,0.03
"2","8/5/24","Emerald Lake","1A",1,1,1,"Post","Mixed","Removed","Poaceae","Melica","spectabilis","MESP","grass","perennial",10,3,0,0.1
"2","8/5/24","Emerald Lake","1A",1,1,1,"Post","Mixed","Removed","Fabaceae","Lupinus","argentus","LUAR","legume","perennial",9,7,0,0.09
"2","8/5/24","Emerald Lake","1B",1,2,1,"Post","Mixed","Present","Primulaceae","Androsace","septentrionalis","ANSE","forb","annual",0.1,1,0,0.001
"2","8/5/24","Emerald Lake","1B",1,2,1,"Post","Mixed","Present","Ranunculaceae","Aquilegia","Coerulea","AQCO","forb","perennial",4,1,1,0.04
"2","8/5/24","Emerald Lake","1B",1,2,1,"Post","Mixed","Present","Brassicaceae","Boechera","stricta","BOST","forb","biennial",2,5,0,0.02
"2","8/5/24","Emerald Lake","1B",1,2,1,"Post","Mixed","Present","Onagraceae","Chamaenuerion","angustifolium","CHAN","forb","perennial",2,3,0,0.02
"2","8/5/24","Emerald Lake","1B",1,2,1,"Post","Mixed","Present","Geraniaceae","Geranium","richardsonii","GERI","forb","perennial",2,1,0,0.02
"2","8/5/24","Emerald Lake","1B",1,2,1,"Post","Mixed","Present","Asteraceae","Helianthella","quinquenervis","HEQU","forb","perennial",20,7,0,0.2
"2","8/5/24","Emerald Lake","1B",1,2,1,"Post","Mixed","Present","Asteraceae","Hymenoxys","hoopesii","HYHO","forb","perennial",15,3,1,0.15
"2","8/5/24","Emerald Lake","1B",1,2,1,"Post","Mixed","Present","Apiaceae","Ligusticum","porteri","LIPO","forb","perennial",20,4,0,0.2
"2","8/5/24","Emerald Lake","1B",1,2,1,"Post","Mixed","Present","Rosaceae","Potentilla","gracilis","POGR","forb","perennial",6,4,0,0.06
"2","8/5/24","Emerald Lake","1B",1,2,1,"Post","Mixed","Present","Poaceae","Elymus","glaucus","ELGL","grass","perennial",2,6,0,0.02
"2","8/5/24","Emerald Lake","1B",1,2,1,"Post","Mixed","Present","Poaceae","Melica","spectabilis","MESP","grass","perennial",7,10,0,0.07
"2","8/5/24","Emerald Lake","1B",1,2,1,"Post","Mixed","Present","Grossulariaceae","Ribes","montigenum","RIMO","shrub","perennial",10,2,0,0.1
"2","8/5/24","Emerald Lake","2A",2,3,2,"Post","Castilleja","Present","Asteraceae","Agoseris","glauca","AGGL","forb","perennial",0.5,1,0,0.005
"2","8/5/24","Emerald Lake","2A",2,3,2,"Post","Castilleja","Present","Primulaceae","Androsace","septentrionalis","ANSE","forb","annual",0.5,3,0,0.005
"2","8/5/24","Emerald Lake","2A",2,3,2,"Post","Castilleja","Present","Ranunculaceae","Aquilegia","Coerulea","AQCO","forb","perennial",6,1,0,0.06
"2","8/5/24","Emerald Lake","2A",2,3,2,"Post","Castilleja","Present","Brassicaceae","Boechera","stricta","BOST","forb","biennial",0.2,2,0,0.002
"2","8/5/24","Emerald Lake","2A",2,3,2,"Post","Castilleja","Present","Onagraceae","Chamaenuerion","angustifolium","CHAN","forb","perennial",3,4,0,0.03
"2","8/5/24","Emerald Lake","2A",2,3,2,"Post","Castilleja","Present","Apiaceae","Heracleum","maximum","HEMA","forb","perennial",6,1,0,0.06
"2","8/5/24","Emerald Lake","2A",2,3,2,"Post","Castilleja","Present","Asteraceae","Helianthella","quinquenervis","HEQU","forb","perennial",18,4,0,0.18
"2","8/5/24","Emerald Lake","2A",2,3,2,"Post","Castilleja","Present","Apiaceae","Ligusticum","porteri","LIPO","forb","perennial",10,3,0,0.1
"2","8/5/24","Emerald Lake","2A",2,3,2,"Post","Castilleja","Present","Caprifoliaceae","Valeriana","occidentalis","VAOC","forb","perennial",1.5,2,0,0.015
"2","8/5/24","Emerald Lake","2A",2,3,2,"Post","Castilleja","Present","Violaceae","Viola","nuttallii","VINU","forb","perennial",0.1,1,0,0.001
"2","8/5/24","Emerald Lake","2A",2,3,2,"Post","Castilleja","Present","Poaceae","Elymus","glaucus","ELGL","grass","perennial",4,7,0,0.04
"2","8/5/24","Emerald Lake","2A",2,3,2,"Post","Castilleja","Present","Poaceae","Poa","pratensis","POPR","grass","perennial",1,1,0,0.01
"2","8/5/24","Emerald Lake","2A",2,3,2,"Post","Castilleja","Present","Fabaceae","Lupinus","argentus","LUAR","legume","perennial",12,8,0,0.12
"2","8/5/24","Emerald Lake","2B",2,4,2,"Post","Castilleja","Removed","Primulaceae","Androsace","septentrionalis","ANSE","forb","annual",0.2,3,0,0.002
"2","8/5/24","Emerald Lake","2B",2,4,2,"Post","Castilleja","Removed","Brassicaceae","Boechera","stricta","BOST","forb","biennial",1,12,0,0.01
"2","8/5/24","Emerald Lake","2B",2,4,2,"Post","Castilleja","Removed","Onagraceae","Chamaenuerion","angustifolium","CHAN","forb","perennial",5,5,0,0.05
"2","8/5/24","Emerald Lake","2B",2,4,2,"Post","Castilleja","Removed","Ranunculaceae","Delphinium","barbeyi","DEBA","forb","perennial",1,1,0,0.01
"2","8/5/24","Emerald Lake","2B",2,4,2,"Post","Castilleja","Removed","Rosaceae","Fragaria","virginiana","FRVI","forb","perennial",1,3,0,0.01
"2","8/5/24","Emerald Lake","2B",2,4,2,"Post","Castilleja","Removed","Geraniaceae","Geranium","richardsonii","GERI","forb","perennial",1,1,0,0.01
"2","8/5/24","Emerald Lake","2B",2,4,2,"Post","Castilleja","Removed","Apiaceae","Heracleum","maximum","HEMA","forb","perennial",8,1,0,0.08
"2","8/5/24","Emerald Lake","2B",2,4,2,"Post","Castilleja","Removed","Asteraceae","Hymenoxys","hoopesii","HYHO","forb","perennial",15,5,0,0.15
"2","8/5/24","Emerald Lake","2B",2,4,2,"Post","Castilleja","Removed","Apiaceae","Ligusticum","porteri","LIPO","forb","perennial",4,2,0,0.04
"2","8/5/24","Emerald Lake","2B",2,4,2,"Post","Castilleja","Removed","Boraginaceae","Mertensia","ciliata","MECI","forb","perennial",4,3,0,0.04
"2","8/5/24","Emerald Lake","2B",2,4,2,"Post","Castilleja","Removed","Asteraceae","Senecio","crassulus","SECR","forb","perennial",7,6,0,0.07
"2","8/5/24","Emerald Lake","2B",2,4,2,"Post","Castilleja","Removed","Caprifoliaceae","Valeriana","occidentalis","VAOC","forb","perennial",8,3,0,0.08
"2","8/5/24","Emerald Lake","2B",2,4,2,"Post","Castilleja","Removed","Poaceae","Bromus","pumpellianus","BRPU","grass","perennial",2,5,0,0.02
"2","8/5/24","Emerald Lake","2B",2,4,2,"Post","Castilleja","Removed","Poaceae","Elymus","glaucus","ELGL","grass","perennial",4,3,0,0.04
"2","8/5/24","Emerald Lake","2B",2,4,2,"Post","Castilleja","Removed","Poaceae","Poa","pratensis","POPR","grass","perennial",10,5,0,0.1
"2","8/5/24","Emerald Lake","3A",3,5,2,"Post","Community","Removed","Onagraceae","Chamaenuerion","angustifolium","CHAN","forb","perennial",10,6,0,0.1
"2","8/5/24","Emerald Lake","3A",3,5,2,"Post","Community","Removed","Ranunculaceae","Delphinium","barbeyi","DEBA","forb","perennial",12,4,0,0.12
"2","8/5/24","Emerald Lake","3A",3,5,2,"Post","Community","Removed","Asteraceae","Erigeron","elatior","EREL","forb","perennial",2.5,2,0,0.025
"2","8/5/24","Emerald Lake","3A",3,5,2,"Post","Community","Removed","Rosaceae","Fragaria","virginiana","FRVI","forb","perennial",3,2,0,0.03
"2","8/5/24","Emerald Lake","3A",3,5,2,"Post","Community","Removed","Asteraceae","Helianthella","quinquenervis","HEQU","forb","perennial",8,3,0,0.08
"2","8/5/24","Emerald Lake","3A",3,5,2,"Post","Community","Removed","Asteraceae","Hymenoxys","hoopesii","HYHO","forb","perennial",15,8,0,0.15
"2","8/5/24","Emerald Lake","3A",3,5,2,"Post","Community","Removed","Apiaceae","Ligusticum","porteri","LIPO","forb","perennial",20,2,0,0.2
"2","8/5/24","Emerald Lake","3A",3,5,2,"Post","Community","Removed","Boraginaceae","Mertensia","ciliata","MECI","forb","perennial",2,2,0,0.02
"2","8/5/24","Emerald Lake","3A",3,5,2,"Post","Community","Removed","Rosaceae","Potentilla","gracilis","POGR","forb","perennial",1.5,4,0,0.015
"2","8/5/24","Emerald Lake","3A",3,5,2,"Post","Community","Removed","Asteraceae","Senecio","crassulus","SECR","forb","perennial",2,3,0,0.02
"2","8/5/24","Emerald Lake","3A",3,5,2,"Post","Community","Removed","Caprifoliaceae","Valeriana","occidentalis","VAOC","forb","perennial",2,1,0,0.02
"2","8/5/24","Emerald Lake","3A",3,5,2,"Post","Community","Removed","Poaceae","Bromus","pumpellianus","BRPU","grass","perennial",1,5,0,0.01
"2","8/5/24","Emerald Lake","3A",3,5,2,"Post","Community","Removed","Poaceae","Elymus","glaucus","ELGL","grass","perennial",6,2,0,0.06
"2","8/5/24","Emerald Lake","3A",3,5,2,"Post","Community","Removed","Poaceae","Melica","spectabilis","MESP","grass","perennial",12,6,0,0.12
"2","8/5/24","Emerald Lake","3A",3,5,2,"Post","Community","Removed","Fabaceae","Lupinus","argentus","LUAR","legume","perennial",3,1,0,0.03
"2","8/5/24","Emerald Lake","3A",3,5,2,"Post","Community","Removed","Grossulariaceae","Ribes","montigenum","RIMO","shrub","perennial",10,1,0,0.1
"2","8/5/24","Emerald Lake","3B",3,6,2,"Post","Community","Present","Primulaceae","Androsace","septentrionalis","ANSE","forb","annual",0.1,1,0,0.001
"2","8/5/24","Emerald Lake","3B",3,6,2,"Post","Community","Present","Ranunculaceae","Aquilegia","Coerulea","AQCO","forb","perennial",4,2,0,0.04
"2","8/5/24","Emerald Lake","3B",3,6,2,"Post","Community","Present","Brassicaceae","Boechera","stricta","BOST","forb","biennial",0.1,3,0,0.001
"2","8/5/24","Emerald Lake","3B",3,6,2,"Post","Community","Present","Ranunculaceae","Delphinium","barbeyi","DEBA","forb","perennial",1.5,1,0,0.015
"2","8/5/24","Emerald Lake","3B",3,6,2,"Post","Community","Present","Asteraceae","Erigeron","elatior","EREL","forb","perennial",1,1,0,0.01
"2","8/5/24","Emerald Lake","3B",3,6,2,"Post","Community","Present","Asteraceae","Erigeron","speciosus","ERSP","forb","perennial",1,2,0,0.01
"2","8/5/24","Emerald Lake","3B",3,6,2,"Post","Community","Present","Rosaceae","Fragaria","virginiana","FRVI","forb","perennial",1,2,0,0.01
"2","8/5/24","Emerald Lake","3B",3,6,2,"Post","Community","Present","Geraniaceae","Geranium","richardsonii","GERI","forb","perennial",1,2,1,0.01
"2","8/5/24","Emerald Lake","3B",3,6,2,"Post","Community","Present","Apiaceae","Heracleum","maximum","HEMA","forb","perennial",15,2,0,0.15
"2","8/5/24","Emerald Lake","3B",3,6,2,"Post","Community","Present","Asteraceae","Helianthella","quinquenervis","HEQU","forb","perennial",7,4,0,0.07
"2","8/5/24","Emerald Lake","3B",3,6,2,"Post","Community","Present","Asteraceae","Hymenoxys","hoopesii","HYHO","forb","perennial",15,6,1,0.15
"2","8/5/24","Emerald Lake","3B",3,6,2,"Post","Community","Present","Apiaceae","Ligusticum","porteri","LIPO","forb","perennial",12,4,1,0.12
"2","8/5/24","Emerald Lake","3B",3,6,2,"Post","Community","Present","Rosaceae","Potentilla","gracilis","POGR","forb","perennial",1,1,0,0.01
"2","8/5/24","Emerald Lake","3B",3,6,2,"Post","Community","Present","Asteraceae","Senecio","crassulus","SECR","forb","perennial",5,5,1,0.05
"2","8/5/24","Emerald Lake","3B",3,6,2,"Post","Community","Present","Caprifoliaceae","Valeriana","occidentalis","VAOC","forb","perennial",4,3,1,0.04
"2","8/5/24","Emerald Lake","3B",3,6,2,"Post","Community","Present","Poaceae","Bromus","pumpellianus","BRPU","grass","perennial",8,7,1,0.08
"2","8/5/24","Emerald Lake","3B",3,6,2,"Post","Community","Present","Poaceae","Elymus","glaucus","ELGL","grass","perennial",4,2,1,0.04
"2","8/5/24","Emerald Lake","3B",3,6,2,"Post","Community","Present","Poaceae","Melica","spectabilis","MESP","grass","perennial",5,7,0,0.05
"2","8/5/24","Emerald Lake","3B",3,6,2,"Post","Community","Present","Grossulariaceae","Ribes","montigenum","RIMO","shrub","perennial",20,2,0,0.2
"2","8/5/24","Emerald Lake","4A",4,7,2,"Post","Mixed","Removed","Asteraceae","Erigeron","elatior","EREL","forb","perennial",3,1,0,0.03
"2","8/5/24","Emerald Lake","4A",4,7,2,"Post","Mixed","Removed","Apiaceae","Heracleum","maximum","HEMA","forb","perennial",30,1,0,0.3
"2","8/5/24","Emerald Lake","4A",4,7,2,"Post","Mixed","Removed","Asteraceae","Helianthella","quinquenervis","HEQU","forb","perennial",20,5,0,0.2
"2","8/5/24","Emerald Lake","4A",4,7,2,"Post","Mixed","Removed","Asteraceae","Hymenoxys","hoopesii","HYHO","forb","perennial",6,3,0,0.06
"2","8/5/24","Emerald Lake","4A",4,7,2,"Post","Mixed","Removed","Apiaceae","Ligusticum","porteri","LIPO","forb","perennial",25,3,0,0.25
"2","8/5/24","Emerald Lake","4A",4,7,2,"Post","Mixed","Removed","Boraginaceae","Mertensia","ciliata","MECI","forb","perennial",0.3,1,0,0.003
"2","8/5/24","Emerald Lake","4A",4,7,2,"Post","Mixed","Removed","Rosaceae","Potentilla","gracilis","POGR","forb","perennial",3,1,0,0.03
"2","8/5/24","Emerald Lake","4A",4,7,2,"Post","Mixed","Removed","Asteraceae","Senecio","crassulus","SECR","forb","perennial",1,1,0,0.01
"2","8/5/24","Emerald Lake","4A",4,7,2,"Post","Mixed","Removed","Caprifoliaceae","Valeriana","occidentalis","VAOC","forb","perennial",4,2,0,0.04
"2","8/5/24","Emerald Lake","4A",4,7,2,"Post","Mixed","Removed","Poaceae","Elymus","glaucus","ELGL","grass","perennial",4,5,0,0.04
"2","8/5/24","Emerald Lake","4A",4,7,2,"Post","Mixed","Removed","Poaceae","Melica","spectabilis","MESP","grass","perennial",5,9,0,0.05
"2","8/5/24","Emerald Lake","4B",4,8,2,"Post","Mixed","Present","Asteraceae","Agoseris","glauca","AGGL","forb","perennial",1,1,0,0.01
"2","8/5/24","Emerald Lake","4B",4,8,2,"Post","Mixed","Present","Ranunculaceae","Aquilegia","Coerulea","AQCO","forb","perennial",2,1,1,0.02
"2","8/5/24","Emerald Lake","4B",4,8,2,"Post","Mixed","Present","Ranunculaceae","Delphinium","barbeyi","DEBA","forb","perennial",1,1,0,0.01
"2","8/5/24","Emerald Lake","4B",4,8,2,"Post","Mixed","Present","Rosaceae","Fragaria","virginiana","FRVI","forb","perennial",8,6,0,0.08
"2","8/5/24","Emerald Lake","4B",4,8,2,"Post","Mixed","Present","Gentianaceae","Gentiana","parryi","GEPA","forb","perennial",2,3,1,0.02
"2","8/5/24","Emerald Lake","4B",4,8,2,"Post","Mixed","Present","Geraniaceae","Geranium","richardsonii","GERI","forb","perennial",2,2,0,0.02
"2","8/5/24","Emerald Lake","4B",4,8,2,"Post","Mixed","Present","Apiaceae","Heracleum","maximum","HEMA","forb","perennial",15,1,0,0.15
"2","8/5/24","Emerald Lake","4B",4,8,2,"Post","Mixed","Present","Asteraceae","Helianthella","quinquenervis","HEQU","forb","perennial",4,3,0,0.04
"2","8/5/24","Emerald Lake","4B",4,8,2,"Post","Mixed","Present","Asteraceae","Hymenoxys","hoopesii","HYHO","forb","perennial",5,2,1,0.05
"2","8/5/24","Emerald Lake","4B",4,8,2,"Post","Mixed","Present","Apiaceae","Ligusticum","porteri","LIPO","forb","perennial",10,3,0,0.1
"2","8/5/24","Emerald Lake","4B",4,8,2,"Post","Mixed","Present","Boraginaceae","Mertensia","ciliata","MECI","forb","perennial",0.5,1,0,0.005
"2","8/5/24","Emerald Lake","4B",4,8,2,"Post","Mixed","Present","Rosaceae","Potentilla","gracilis","POGR","forb","perennial",4,3,0,0.04
"2","8/5/24","Emerald Lake","4B",4,8,2,"Post","Mixed","Present","Asteraceae","Senecio","crassulus","SECR","forb","perennial",4,7,1,0.04
"2","8/5/24","Emerald Lake","4B",4,8,2,"Post","Mixed","Present","Thalictraceae","Thalictrum","fendleri","THFE","forb","perennial",25,9,1,0.25
"2","8/5/24","Emerald Lake","4B",4,8,2,"Post","Mixed","Present","Poaceae","Bromus","pumpellianus","BRPU","grass","perennial",1,5,1,0.01
"2","8/5/24","Emerald Lake","4B",4,8,2,"Post","Mixed","Present","Poaceae","Elymus","glaucus","ELGL","grass","perennial",2,8,0,0.02
"2","8/5/24","Emerald Lake","4B",4,8,2,"Post","Mixed","Present","Poaceae","Melica","spectabilis","MESP","grass","perennial",3,5,1,0.03
"2","8/5/24","Emerald Lake","4B",4,8,2,"Post","Mixed","Present","Poaceae","Phleum","alpinum","PHAL","grass","perennial",4,4,1,0.04
"2","8/5/24","Emerald Lake","4B",4,8,2,"Post","Mixed","Present","Poaceae","Trisetum","spicatum","TRSP","grass","perennial",1,3,0,0.01
"2","8/5/24","Emerald Lake","4B",4,8,2,"Post","Mixed","Present","Grossulariaceae","Ribes","montigenum","RIMO","shrub","perennial",30,2,1,0.3
"2","8/8/24","Emerald Lake","5A",5,9,3,"Post","Mixed","Present","Onagraceae","Chamaenuerion","angustifolium","CHAN","forb","perennial",20,5,0,0.2
"2","8/8/24","Emerald Lake","5A",5,9,3,"Post","Mixed","Present","Ranunculaceae","Delphinium","barbeyi","DEBA","forb","perennial",3,3,0,0.03
"2","8/8/24","Emerald Lake","5A",5,9,3,"Post","Mixed","Present","Asteraceae","Erigeron","elatior","EREL","forb","perennial",8,4,0,0.08
"2","8/8/24","Emerald Lake","5A",5,9,3,"Post","Mixed","Present","Rosaceae","Fragaria","virginiana","FRVI","forb","perennial",1,1,0,0.01
"2","8/8/24","Emerald Lake","5A",5,9,3,"Post","Mixed","Present","Geraniaceae","Geranium","richardsonii","GERI","forb","perennial",1,2,0,0.01
"2","8/8/24","Emerald Lake","5A",5,9,3,"Post","Mixed","Present","Apiaceae","Heracleum","maximum","HEMA","forb","perennial",35,2,0,0.35
"2","8/8/24","Emerald Lake","5A",5,9,3,"Post","Mixed","Present","Asteraceae","Hymenoxys","hoopesii","HYHO","forb","perennial",1,1,0,0.01
"2","8/8/24","Emerald Lake","5A",5,9,3,"Post","Mixed","Present","Apiaceae","Ligusticum","porteri","LIPO","forb","perennial",4,1,0,0.04
"2","8/8/24","Emerald Lake","5A",5,9,3,"Post","Mixed","Present","Boraginaceae","Mertensia","ciliata","MECI","forb","perennial",6,4,1,0.06
"2","8/8/24","Emerald Lake","5A",5,9,3,"Post","Mixed","Present","Ericaceae","Moneses","uniflora","MOUN","forb","perennial",3,7,0,0.03
"2","8/8/24","Emerald Lake","5A",5,9,3,"Post","Mixed","Present","Rosaceae","Potentilla","gracilis","POGR","forb","perennial",1,1,0,0.01
"2","8/8/24","Emerald Lake","5A",5,9,3,"Post","Mixed","Present","Polygonaceae","Rumex","salicifolius","RUSA","forb","perennial",7,1,0,0.07
"2","8/8/24","Emerald Lake","5A",5,9,3,"Post","Mixed","Present","Asteraceae","Senecio","crassulus","SECR","forb","perennial",2,5,0,0.02
"2","8/8/24","Emerald Lake","5A",5,9,3,"Post","Mixed","Present","Poaceae","Calamagrostis","canadensis","CACA","grass","perennial",15,7,0,0.15
"2","8/8/24","Emerald Lake","5A",5,9,3,"Post","Mixed","Present","Poaceae","Elymus","glaucus","ELGL","grass","perennial",5,6,1,0.05
"2","8/8/24","Emerald Lake","5B",5,10,3,"Post","Mixed","Removed","Primulaceae","Androsace","septentrionalis","ANSE","forb","annual",2,2,0,0.02
"2","8/8/24","Emerald Lake","5B",5,10,3,"Post","Mixed","Removed","Onagraceae","Chamaenuerion","angustifolium","CHAN","forb","perennial",7,5,0,0.07
"2","8/8/24","Emerald Lake","5B",5,10,3,"Post","Mixed","Removed","Ranunculaceae","Delphinium","barbeyi","DEBA","forb","perennial",5,1,0,0.05
"2","8/8/24","Emerald Lake","5B",5,10,3,"Post","Mixed","Removed","Brassicaceae","Draba","spectabilis","DRSP","forb","perennial",0.2,2,0,0.002
"2","8/8/24","Emerald Lake","5B",5,10,3,"Post","Mixed","Removed","Asteraceae","Erigeron","elatior","EREL","forb","perennial",10,4,0,0.1
"2","8/8/24","Emerald Lake","5B",5,10,3,"Post","Mixed","Removed","Rubiaceae","Galium","bifolium","GABI","forb","perennial",1,10,0,0.01
"2","8/8/24","Emerald Lake","5B",5,10,3,"Post","Mixed","Removed","Apiaceae","Heracleum","maximum","HEMA","forb","perennial",4,1,0,0.04
"2","8/8/24","Emerald Lake","5B",5,10,3,"Post","Mixed","Removed","Boraginaceae","Mertensia","ciliata","MECI","forb","perennial",1,1,0,0.01
"2","8/8/24","Emerald Lake","5B",5,10,3,"Post","Mixed","Removed","Polygonaceae","Rumex","salicifolius","RUSA","forb","perennial",8,2,0,0.08
"2","8/8/24","Emerald Lake","5B",5,10,3,"Post","Mixed","Removed","Asteraceae","Senecio","crassulus","SECR","forb","perennial",2,4,0,0.02
"2","8/8/24","Emerald Lake","5B",5,10,3,"Post","Mixed","Removed","Violaceae","Viola","nuttallii","VINU","forb","perennial",1,3,0,0.01
"2","8/8/24","Emerald Lake","5B",5,10,3,"Post","Mixed","Removed","Poaceae","Elymus","glaucus","ELGL","grass","perennial",10,8,0,0.1
"2","8/8/24","Emerald Lake","5B",5,10,3,"Post","Mixed","Removed","Poaceae","Melica","spectabilis","MESP","grass","perennial",15,5,0,0.15
"2","8/5/24","Emerald Lake","6A",6,11,3,"Post","Community","Removed","Ranunculaceae","Aquilegia","Coerulea","AQCO","forb","perennial",7,2,0,0.07
"2","8/5/24","Emerald Lake","6A",6,11,3,"Post","Community","Removed","Onagraceae","Chamaenuerion","angustifolium","CHAN","forb","perennial",4,2,0,0.04
"2","8/5/24","Emerald Lake","6A",6,11,3,"Post","Community","Removed","Asteraceae","Doellingeria","engelmannii","DOEN","forb","perennial",2.5,2,0,0.025
"2","8/5/24","Emerald Lake","6A",6,11,3,"Post","Community","Removed","Asteraceae","Erigeron","elatior","EREL","forb","perennial",1,2,0,0.01
"2","8/5/24","Emerald Lake","6A",6,11,3,"Post","Community","Removed","Geraniaceae","Geranium","richardsonii","GERI","forb","perennial",1,1,0,0.01
"2","8/5/24","Emerald Lake","6A",6,11,3,"Post","Community","Removed","Apiaceae","Heracleum","maximum","HEMA","forb","perennial",1.5,1,0,0.015
"2","8/5/24","Emerald Lake","6A",6,11,3,"Post","Community","Removed","Asteraceae","Helianthella","quinquenervis","HEQU","forb","perennial",7,4,0,0.07
"2","8/5/24","Emerald Lake","6A",6,11,3,"Post","Community","Removed","Asteraceae","Hymenoxys","hoopesii","HYHO","forb","perennial",3,2,0,0.03
"2","8/5/24","Emerald Lake","6A",6,11,3,"Post","Community","Removed","Apiaceae","Ligusticum","porteri","LIPO","forb","perennial",9,3,0,0.09
"2","8/5/24","Emerald Lake","6A",6,11,3,"Post","Community","Removed","Rosaceae","Potentilla","gracilis","POGR","forb","perennial",2,2,0,0.02
"2","8/5/24","Emerald Lake","6A",6,11,3,"Post","Community","Removed","Asteraceae","Senecio","crassulus","SECR","forb","perennial",1,3,0,0.01
"2","8/5/24","Emerald Lake","6A",6,11,3,"Post","Community","Removed","Caprifoliaceae","Valeriana","occidentalis","VAOC","forb","perennial",10,6,0,0.1
"2","8/5/24","Emerald Lake","6A",6,11,3,"Post","Community","Removed","Poaceae","Bromus","pumpellianus","BRPU","grass","perennial",2.5,4,0,0.025
"2","8/5/24","Emerald Lake","6A",6,11,3,"Post","Community","Removed","Poaceae","Elymus","glaucus","ELGL","grass","perennial",4,9,0,0.04
"2","8/5/24","Emerald Lake","6A",6,11,3,"Post","Community","Removed","Poaceae","Melica","spectabilis","MESP","grass","perennial",2,1,0,0.02
"2","8/5/24","Emerald Lake","6A",6,11,3,"Post","Community","Removed","Grossulariaceae","Ribes","montigenum","RIMO","shrub","perennial",25,2,0,0.25
"2","8/5/24","Emerald Lake","6B",6,12,3,"Post","Community","Present","Ranunculaceae","Aquilegia","Coerulea","AQCO","forb","perennial",1.5,1,0,0.015
"2","8/5/24","Emerald Lake","6B",6,12,3,"Post","Community","Present","Onagraceae","Chamaenuerion","angustifolium","CHAN","forb","perennial",4,5,0,0.04
"2","8/5/24","Emerald Lake","6B",6,12,3,"Post","Community","Present","Ranunculaceae","Delphinium","barbeyi","DEBA","forb","perennial",5,1,1,0.05
"2","8/5/24","Emerald Lake","6B",6,12,3,"Post","Community","Present","Asteraceae","Erigeron","coulteri","ERCO","forb","perennial",0.5,1,0,0.005
"2","8/5/24","Emerald Lake","6B",6,12,3,"Post","Community","Present","Rosaceae","Fragaria","virginiana","FRVI","forb","perennial",2,3,0,0.02
"2","8/5/24","Emerald Lake","6B",6,12,3,"Post","Community","Present","Apiaceae","Heracleum","maximum","HEMA","forb","perennial",6,1,0,0.06
"2","8/5/24","Emerald Lake","6B",6,12,3,"Post","Community","Present","Asteraceae","Helianthella","quinquenervis","HEQU","forb","perennial",20,5,0,0.2
"2","8/5/24","Emerald Lake","6B",6,12,3,"Post","Community","Present","Asteraceae","Hymenoxys","hoopesii","HYHO","forb","perennial",3,3,1,0.03
"2","8/5/24","Emerald Lake","6B",6,12,3,"Post","Community","Present","Apiaceae","Ligusticum","porteri","LIPO","forb","perennial",4,1,1,0.04
"2","8/5/24","Emerald Lake","6B",6,12,3,"Post","Community","Present","Boraginaceae","Mertensia","ciliata","MECI","forb","perennial",1.5,2,1,0.015
"2","8/5/24","Emerald Lake","6B",6,12,3,"Post","Community","Present","Rosaceae","Potentilla","gracilis","POGR","forb","perennial",2,1,0,0.02
"2","8/5/24","Emerald Lake","6B",6,12,3,"Post","Community","Present","Asteraceae","Senecio","crassulus","SECR","forb","perennial",3,3,0,0.03
"2","8/5/24","Emerald Lake","6B",6,12,3,"Post","Community","Present","Caprifoliaceae","Valeriana","occidentalis","VAOC","forb","perennial",1,1,0,0.01
"2","8/5/24","Emerald Lake","6B",6,12,3,"Post","Community","Present","Poaceae","Bromus","pumpellianus","BRPU","grass","perennial",0.1,1,0,0.001
"2","8/5/24","Emerald Lake","6B",6,12,3,"Post","Community","Present","Poaceae","Elymus","glaucus","ELGL","grass","perennial",4,5,1,0.04
"2","8/5/24","Emerald Lake","6B",6,12,3,"Post","Community","Present","Poaceae","Melica","spectabilis","MESP","grass","perennial",4,3,1,0.04
"2","8/5/24","Emerald Lake","6B",6,12,3,"Post","Community","Present","Poaceae","Poa","pratensis","POPR","grass","perennial",2,2,0,0.02
"2","8/5/24","Emerald Lake","6B",6,12,3,"Post","Community","Present","Fabaceae","Lupinus","argentus","LUAR","legume","perennial",1,1,0,0.01
"2","8/5/24","Emerald Lake","6B",6,12,3,"Post","Community","Present","Grossulariaceae","Ribes","montigenum","RIMO","shrub","perennial",8,2,0,0.08
"2","8/6/24","Emerald Lake","7A",7,13,4,"Post","Castilleja","Present","Asteraceae","Agoseris","glauca","AGGL","forb","perennial",1,1,0,0.01
"2","8/6/24","Emerald Lake","7A",7,13,4,"Post","Castilleja","Present","Brassicaceae","Barbarea","vulgaris","BAVU","forb","biennial",0.1,1,0,0.001
"2","8/6/24","Emerald Lake","7A",7,13,4,"Post","Castilleja","Present","Onagraceae","Chamaenuerion","angustifolium","CHAN","forb","perennial",1,1,0,0.01
"2","8/6/24","Emerald Lake","7A",7,13,4,"Post","Castilleja","Present","Asteraceae","Erigeron","elatior","EREL","forb","perennial",3.5,2,1,0.035
"2","8/6/24","Emerald Lake","7A",7,13,4,"Post","Castilleja","Present","Apiaceae","Heracleum","maximum","HEMA","forb","perennial",3,2,0,0.03
"2","8/6/24","Emerald Lake","7A",7,13,4,"Post","Castilleja","Present","Asteraceae","Helianthella","quinquenervis","HEQU","forb","perennial",12,3,0,0.12
"2","8/6/24","Emerald Lake","7A",7,13,4,"Post","Castilleja","Present","Asteraceae","Hymenoxys","hoopesii","HYHO","forb","perennial",15,5,0,0.15
"2","8/6/24","Emerald Lake","7A",7,13,4,"Post","Castilleja","Present","Apiaceae","Ligusticum","porteri","LIPO","forb","perennial",7,3,0,0.07
"2","8/6/24","Emerald Lake","7A",7,13,4,"Post","Castilleja","Present","Rosaceae","Potentilla","gracilis","POGR","forb","perennial",3.5,3,0,0.035
"2","8/6/24","Emerald Lake","7A",7,13,4,"Post","Castilleja","Present","Asteraceae","Senecio","crassulus","SECR","forb","perennial",2,4,0,0.02
"2","8/6/24","Emerald Lake","7A",7,13,4,"Post","Castilleja","Present","Violaceae","Viola","nuttallii","VINU","forb","perennial",0.5,1,1,0.005
"2","8/6/24","Emerald Lake","7A",7,13,4,"Post","Castilleja","Present","Poaceae","Elymus","glaucus","ELGL","grass","perennial",2,7,1,0.02
"2","8/6/24","Emerald Lake","7A",7,13,4,"Post","Castilleja","Present","Poaceae","Melica","spectabilis","MESP","grass","perennial",5,5,0,0.05
"2","8/6/24","Emerald Lake","7A",7,13,4,"Post","Castilleja","Present","Fabaceae","Lupinus","argentus","LUAR","legume","perennial",10,6,0,0.1
"2","8/6/24","Emerald Lake","7B",7,14,4,"Post","Castilleja","Removed","Ranunculaceae","Aquilegia","Coerulea","AQCO","forb","perennial",2,1,0,0.02
"2","8/6/24","Emerald Lake","7B",7,14,4,"Post","Castilleja","Removed","Onagraceae","Chamaenuerion","angustifolium","CHAN","forb","perennial",7,5,0,0.07
"2","8/6/24","Emerald Lake","7B",7,14,4,"Post","Castilleja","Removed","Ranunculaceae","Delphinium","barbeyi","DEBA","forb","perennial",2,2,0,0.02
"2","8/6/24","Emerald Lake","7B",7,14,4,"Post","Castilleja","Removed","Asteraceae","Erigeron","elatior","EREL","forb","perennial",1,1,0,0.01
"2","8/6/24","Emerald Lake","7B",7,14,4,"Post","Castilleja","Removed","Rosaceae","Fragaria","virginiana","FRVI","forb","perennial",5,8,0,0.05
"2","8/6/24","Emerald Lake","7B",7,14,4,"Post","Castilleja","Removed","Asteraceae","Helianthella","quinquenervis","HEQU","forb","perennial",25,6,0,0.25
"2","8/6/24","Emerald Lake","7B",7,14,4,"Post","Castilleja","Removed","Asteraceae","Hymenoxys","hoopesii","HYHO","forb","perennial",2.5,2,0,0.025
"2","8/6/24","Emerald Lake","7B",7,14,4,"Post","Castilleja","Removed","Apiaceae","Ligusticum","porteri","LIPO","forb","perennial",3,1,0,0.03
"2","8/6/24","Emerald Lake","7B",7,14,4,"Post","Castilleja","Removed","Rosaceae","Potentilla","gracilis","POGR","forb","perennial",2.5,2,0,0.025
"2","8/6/24","Emerald Lake","7B",7,14,4,"Post","Castilleja","Removed","Asteraceae","Senecio","crassulus","SECR","forb","perennial",3,5,0,0.03
"2","8/6/24","Emerald Lake","7B",7,14,4,"Post","Castilleja","Removed","Caprifoliaceae","Valeriana","occidentalis","VAOC","forb","perennial",4,2,0,0.04
"2","8/6/24","Emerald Lake","7B",7,14,4,"Post","Castilleja","Removed","Poaceae","Bromus","pumpellianus","BRPU","grass","perennial",0.5,4,0,0.005
"2","8/6/24","Emerald Lake","7B",7,14,4,"Post","Castilleja","Removed","Poaceae","Elymus","glaucus","ELGL","grass","perennial",4,6,0,0.04
"2","8/6/24","Emerald Lake","7B",7,14,4,"Post","Castilleja","Removed","Poaceae","Melica","spectabilis","MESP","grass","perennial",15,9,0,0.15
"2","8/6/24","Emerald Lake","8A",8,15,4,"Post","Control","Present","Asteraceae","Agoseris","glauca","AGGL","forb","perennial",0.5,1,0,0.005
"2","8/6/24","Emerald Lake","8A",8,15,4,"Post","Control","Present","Brassicaceae","Boechera","stricta","BOST","forb","biennial",0.1,2,1,0.001
"2","8/6/24","Emerald Lake","8A",8,15,4,"Post","Control","Present","Onagraceae","Chamaenuerion","angustifolium","CHAN","forb","perennial",8,12,0,0.08
"2","8/6/24","Emerald Lake","8A",8,15,4,"Post","Control","Present","Asteraceae","Erigeron","elatior","EREL","forb","perennial",3.5,2,1,0.035
"2","8/6/24","Emerald Lake","8A",8,15,4,"Post","Control","Present","Rosaceae","Fragaria","virginiana","FRVI","forb","perennial",1,1,0,0.01
"2","8/6/24","Emerald Lake","8A",8,15,4,"Post","Control","Present","Geraniaceae","Geranium","richardsonii","GERI","forb","perennial",1,1,0,0.01
"2","8/6/24","Emerald Lake","8A",8,15,4,"Post","Control","Present","Asteraceae","Helianthella","quinquenervis","HEQU","forb","perennial",15,7,1,0.15
"2","8/6/24","Emerald Lake","8A",8,15,4,"Post","Control","Present","Asteraceae","Hymenoxys","hoopesii","HYHO","forb","perennial",1,1,0,0.01
"2","8/6/24","Emerald Lake","8A",8,15,4,"Post","Control","Present","Apiaceae","Ligusticum","porteri","LIPO","forb","perennial",1,1,0,0.01
"2","8/6/24","Emerald Lake","8A",8,15,4,"Post","Control","Present","Rosaceae","Potentilla","gracilis","POGR","forb","perennial",3.5,3,1,0.035
"2","8/6/24","Emerald Lake","8A",8,15,4,"Post","Control","Present","Asteraceae","Senecio","crassulus","SECR","forb","perennial",10,6,0,0.1
"2","8/6/24","Emerald Lake","8A",8,15,4,"Post","Control","Present","Poaceae","Elymus","glaucus","ELGL","grass","perennial",3,13,1,0.03
"2","8/6/24","Emerald Lake","8A",8,15,4,"Post","Control","Present","Poaceae","Melica","spectabilis","MESP","grass","perennial",10,8,1,0.1
"2","8/6/24","Emerald Lake","8A",8,15,4,"Post","Control","Present","Fabaceae","Lupinus","argentus","LUAR","legume","perennial",20,9,1,0.2
"2","8/6/24","Emerald Lake","8B",8,16,4,"Post","Control","Removed","Asteraceae","Agoseris","glauca","AGGL","forb","perennial",1,1,0,0.01
"2","8/6/24","Emerald Lake","8B",8,16,4,"Post","Control","Removed","Onagraceae","Chamaenuerion","angustifolium","CHAN","forb","perennial",20,10,0,0.2
"2","8/6/24","Emerald Lake","8B",8,16,4,"Post","Control","Removed","Ranunculaceae","Delphinium","barbeyi","DEBA","forb","perennial",3,1,0,0.03
"2","8/6/24","Emerald Lake","8B",8,16,4,"Post","Control","Removed","Asteraceae","Erigeron","elatior","EREL","forb","perennial",4,2,0,0.04
"2","8/6/24","Emerald Lake","8B",8,16,4,"Post","Control","Removed","Asteraceae","Helianthella","quinquenervis","HEQU","forb","perennial",25,3,0,0.25
"2","8/6/24","Emerald Lake","8B",8,16,4,"Post","Control","Removed","Asteraceae","Hymenoxys","hoopesii","HYHO","forb","perennial",1.5,1,0,0.015
"2","8/6/24","Emerald Lake","8B",8,16,4,"Post","Control","Removed","Rosaceae","Potentilla","gracilis","POGR","forb","perennial",2,1,0,0.02
"2","8/6/24","Emerald Lake","8B",8,16,4,"Post","Control","Removed","Asteraceae","Senecio","crassulus","SECR","forb","perennial",6,4,0,0.06
"2","8/6/24","Emerald Lake","8B",8,16,4,"Post","Control","Removed","Poaceae","Elymus","glaucus","ELGL","grass","perennial",1,3,0,0.01
"2","8/6/24","Emerald Lake","8B",8,16,4,"Post","Control","Removed","Poaceae","Melica","spectabilis","MESP","grass","perennial",12,7,0,0.12
"2","8/6/24","Emerald Lake","9A",9,17,5,"Post","Mixed","Present","Primulaceae","Androsace","septentrionalis","ANSE","forb","annual",0.5,6,0,0.005
"2","8/6/24","Emerald Lake","9A",9,17,5,"Post","Mixed","Present","Brassicaceae","Barbarea","vulgaris","BAVU","forb","biennial",0.5,5,0,0.005
"2","8/6/24","Emerald Lake","9A",9,17,5,"Post","Mixed","Present","Onagraceae","Chamaenuerion","angustifolium","CHAN","forb","perennial",12,6,0,0.12
"2","8/6/24","Emerald Lake","9A",9,17,5,"Post","Mixed","Present","Ranunculaceae","Delphinium","barbeyi","DEBA","forb","perennial",4,1,1,0.04
"2","8/6/24","Emerald Lake","9A",9,17,5,"Post","Mixed","Present","Asteraceae","Erigeron","elatior","EREL","forb","perennial",1,1,0,0.01
"2","8/6/24","Emerald Lake","9A",9,17,5,"Post","Mixed","Present","Rosaceae","Fragaria","virginiana","FRVI","forb","perennial",2,5,1,0.02
"2","8/6/24","Emerald Lake","9A",9,17,5,"Post","Mixed","Present","Apiaceae","Heracleum","maximum","HEMA","forb","perennial",1.5,1,0,0.015
"2","8/6/24","Emerald Lake","9A",9,17,5,"Post","Mixed","Present","Asteraceae","Hymenoxys","hoopesii","HYHO","forb","perennial",15,9,0,0.15
"2","8/6/24","Emerald Lake","9A",9,17,5,"Post","Mixed","Present","Apiaceae","Ligusticum","porteri","LIPO","forb","perennial",20,2,1,0.2
"2","8/6/24","Emerald Lake","9A",9,17,5,"Post","Mixed","Present","Boraginaceae","Mertensia","ciliata","MECI","forb","perennial",2,3,0,0.02
"2","8/6/24","Emerald Lake","9A",9,17,5,"Post","Mixed","Present","Polygonaceae","Rumex","salicifolius","RUSA","forb","perennial",1,1,0,0.01
"2","8/6/24","Emerald Lake","9A",9,17,5,"Post","Mixed","Present","Asteraceae","Senecio","crassulus","SECR","forb","perennial",1.5,1,1,0.015
"2","8/6/24","Emerald Lake","9A",9,17,5,"Post","Mixed","Present","Poaceae","Elymus","glaucus","ELGL","grass","perennial",2,7,1,0.02
"2","8/6/24","Emerald Lake","9A",9,17,5,"Post","Mixed","Present","Poaceae","Melica","spectabilis","MESP","grass","perennial",1,4,1,0.01
"2","8/6/24","Emerald Lake","9A",9,17,5,"Post","Mixed","Present","Fabaceae","Lupinus","argentus","LUAR","legume","perennial",15,8,1,0.15
"2","8/6/24","Emerald Lake","9B",9,18,5,"Post","Mixed","Removed","Primulaceae","Androsace","septentrionalis","ANSE","forb","annual",0.1,2,0,0.001
"2","8/6/24","Emerald Lake","9B",9,18,5,"Post","Mixed","Removed","Onagraceae","Chamaenuerion","angustifolium","CHAN","forb","perennial",15,7,0,0.15
"2","8/6/24","Emerald Lake","9B",9,18,5,"Post","Mixed","Removed","Asteraceae","Erigeron","elatior","EREL","forb","perennial",1,1,0,0.01
"2","8/6/24","Emerald Lake","9B",9,18,5,"Post","Mixed","Removed","Liliaceae","Erythronium","grandiflorum","ERGR","forb","perennial",0.3,3,0,0.003
"2","8/6/24","Emerald Lake","9B",9,18,5,"Post","Mixed","Removed","Rosaceae","Fragaria","virginiana","FRVI","forb","perennial",4,6,0,0.04
"2","8/6/24","Emerald Lake","9B",9,18,5,"Post","Mixed","Removed","Geraniaceae","Geranium","richardsonii","GERI","forb","perennial",0.5,1,0,0.005
"2","8/6/24","Emerald Lake","9B",9,18,5,"Post","Mixed","Removed","Apiaceae","Heracleum","maximum","HEMA","forb","perennial",8,1,0,0.08
"2","8/6/24","Emerald Lake","9B",9,18,5,"Post","Mixed","Removed","Asteraceae","Hymenoxys","hoopesii","HYHO","forb","perennial",5,5,0,0.05
"2","8/6/24","Emerald Lake","9B",9,18,5,"Post","Mixed","Removed","Apiaceae","Ligusticum","porteri","LIPO","forb","perennial",8,3,0,0.08
"2","8/6/24","Emerald Lake","9B",9,18,5,"Post","Mixed","Removed","Boraginaceae","Mertensia","ciliata","MECI","forb","perennial",2,4,0,0.02
"2","8/6/24","Emerald Lake","9B",9,18,5,"Post","Mixed","Removed","Asteraceae","Senecio","crassulus","SECR","forb","perennial",1.5,1,0,0.015
"2","8/6/24","Emerald Lake","9B",9,18,5,"Post","Mixed","Removed","Poaceae","Elymus","glaucus","ELGL","grass","perennial",1,4,0,0.01
"2","8/6/24","Emerald Lake","9B",9,18,5,"Post","Mixed","Removed","Poaceae","Melica","spectabilis","MESP","grass","perennial",7,3,0,0.07
"2","8/6/24","Emerald Lake","9B",9,18,5,"Post","Mixed","Removed","Fabaceae","Lupinus","argentus","LUAR","legume","perennial",1.5,1,0,0.015
"2","8/6/24","Emerald Lake","10A",10,19,5,"Post","Control","Present","Asteraceae","Agoseris","glauca","AGGL","forb","perennial",2,2,0,0.02
"2","8/6/24","Emerald Lake","10A",10,19,5,"Post","Control","Present","Onagraceae","Chamaenuerion","angustifolium","CHAN","forb","perennial",7,8,0,0.07
"2","8/6/24","Emerald Lake","10A",10,19,5,"Post","Control","Present","Asteraceae","Erigeron","coulteri","ERCO","forb","perennial",0.2,1,0,0.002
"2","8/6/24","Emerald Lake","10A",10,19,5,"Post","Control","Present","Geraniaceae","Geranium","richardsonii","GERI","forb","perennial",3,2,1,0.03
"2","8/6/24","Emerald Lake","10A",10,19,5,"Post","Control","Present","Asteraceae","Helianthella","quinquenervis","HEQU","forb","perennial",10,3,0,0.1
"2","8/6/24","Emerald Lake","10A",10,19,5,"Post","Control","Present","Asteraceae","Hymenoxys","hoopesii","HYHO","forb","perennial",8,3,1,0.08
"2","8/6/24","Emerald Lake","10A",10,19,5,"Post","Control","Present","Rosaceae","Potentilla","gracilis","POGR","forb","perennial",2,1,0,0.02
"2","8/6/24","Emerald Lake","10A",10,19,5,"Post","Control","Present","Crassulaceae","Rhodiola","integrifolia","RHIN","forb","perennial",4,10,0,0.04
"2","8/6/24","Emerald Lake","10A",10,19,5,"Post","Control","Present","Asteraceae","Senecio","crassulus","SECR","forb","perennial",2.5,3,0,0.025
"2","8/6/24","Emerald Lake","10A",10,19,5,"Post","Control","Present","Violaceae","Viola","nuttallii","VINU","forb","perennial",0.5,1,0,0.005
"2","8/6/24","Emerald Lake","10A",10,19,5,"Post","Control","Present","Poaceae","Bromus","pumpellianus","BRPU","grass","perennial",0.5,3,0,0.005
"2","8/6/24","Emerald Lake","10A",10,19,5,"Post","Control","Present","Poaceae","Melica","spectabilis","MESP","grass","perennial",3,5,0,0.03
"2","8/6/24","Emerald Lake","10A",10,19,5,"Post","Control","Present","Fabaceae","Lupinus","argentus","LUAR","legume","perennial",8,3,0,0.08
"2","8/6/24","Emerald Lake","10B",10,20,5,"Post","Control","Removed","Ranunculaceae","Aquilegia","Coerulea","AQCO","forb","perennial",2,1,0,0.02
"2","8/6/24","Emerald Lake","10B",10,20,5,"Post","Control","Removed","Onagraceae","Chamaenuerion","angustifolium","CHAN","forb","perennial",1.5,2,0,0.015
"2","8/6/24","Emerald Lake","10B",10,20,5,"Post","Control","Removed","Asteraceae","Erigeron","coulteri","ERCO","forb","perennial",1,2,0,0.01
"2","8/6/24","Emerald Lake","10B",10,20,5,"Post","Control","Removed","Rosaceae","Fragaria","virginiana","FRVI","forb","perennial",3,7,0,0.03
"2","8/6/24","Emerald Lake","10B",10,20,5,"Post","Control","Removed","Asteraceae","Hymenoxys","hoopesii","HYHO","forb","perennial",6,3,0,0.06
"2","8/6/24","Emerald Lake","10B",10,20,5,"Post","Control","Removed","Rosaceae","Potentilla","gracilis","POGR","forb","perennial",3,3,0,0.03
"2","8/6/24","Emerald Lake","10B",10,20,5,"Post","Control","Removed","Crassulaceae","Rhodiola","integrifolia","RHIN","forb","perennial",5,5,0,0.05
"2","8/6/24","Emerald Lake","10B",10,20,5,"Post","Control","Removed","Asteraceae","Senecio","crassulus","SECR","forb","perennial",4,1,0,0.04
"2","8/6/24","Emerald Lake","10B",10,20,5,"Post","Control","Removed","Poaceae","Bromus","pumpellianus","BRPU","grass","perennial",3,4,0,0.03
"2","8/6/24","Emerald Lake","10B",10,20,5,"Post","Control","Removed","Poaceae","Elymus","glaucus","ELGL","grass","perennial",2,5,0,0.02
"2","8/6/24","Emerald Lake","10B",10,20,5,"Post","Control","Removed","Poaceae","Melica","spectabilis","MESP","grass","perennial",3,2,0,0.03
"2","8/6/24","Emerald Lake","10B",10,20,5,"Post","Control","Removed","Fabaceae","Lupinus","argentus","LUAR","legume","perennial",2.5,2,0,0.025
"2","8/5/24","Emerald Lake","11A",11,21,3,"Post","Castilleja","Present","Onagraceae","Chamaenuerion","angustifolium","CHAN","forb","perennial",20,10,0,0.2
"2","8/5/24","Emerald Lake","11A",11,21,3,"Post","Castilleja","Present","Ranunculaceae","Delphinium","barbeyi","DEBA","forb","perennial",2,1,0,0.02
"2","8/5/24","Emerald Lake","11A",11,21,3,"Post","Castilleja","Present","Asteraceae","Erigeron","elatior","EREL","forb","perennial",5,9,1,0.05
"2","8/5/24","Emerald Lake","11A",11,21,3,"Post","Castilleja","Present","Apiaceae","Heracleum","maximum","HEMA","forb","perennial",4,2,0,0.04
"2","8/5/24","Emerald Lake","11A",11,21,3,"Post","Castilleja","Present","Asteraceae","Helianthella","quinquenervis","HEQU","forb","perennial",8,2,1,0.08
"2","8/5/24","Emerald Lake","11A",11,21,3,"Post","Castilleja","Present","Boraginaceae","Hydrophyllum","capitatum","HYCA","forb","perennial",0.5,1,0,0.005
"2","8/5/24","Emerald Lake","11A",11,21,3,"Post","Castilleja","Present","Asteraceae","Hymenoxys","hoopesii","HYHO","forb","perennial",1.5,1,0,0.015
"2","8/5/24","Emerald Lake","11A",11,21,3,"Post","Castilleja","Present","Apiaceae","Ligusticum","porteri","LIPO","forb","perennial",8,2,0,0.08
"2","8/5/24","Emerald Lake","11A",11,21,3,"Post","Castilleja","Present","Boraginaceae","Mertensia","ciliata","MECI","forb","perennial",1,1,1,0.01
"2","8/5/24","Emerald Lake","11A",11,21,3,"Post","Castilleja","Present","Rosaceae","Potentilla","gracilis","POGR","forb","perennial",2,1,0,0.02
"2","8/5/24","Emerald Lake","11A",11,21,3,"Post","Castilleja","Present","Asteraceae","Senecio","crassulus","SECR","forb","perennial",1,2,0,0.01
"2","8/5/24","Emerald Lake","11A",11,21,3,"Post","Castilleja","Present","Caprifoliaceae","Valeriana","occidentalis","VAOC","forb","perennial",15,3,1,0.15
"2","8/5/24","Emerald Lake","11A",11,21,3,"Post","Castilleja","Present","Poaceae","Bromus","pumpellianus","BRPU","grass","perennial",0.1,1,0,0.001
"2","8/5/24","Emerald Lake","11A",11,21,3,"Post","Castilleja","Present","Poaceae","Elymus","glaucus","ELGL","grass","perennial",5,10,1,0.05
"2","8/5/24","Emerald Lake","11A",11,21,3,"Post","Castilleja","Present","Poaceae","Melica","spectabilis","MESP","grass","perennial",0.2,2,1,0.002
"2","8/5/24","Emerald Lake","11A",11,21,3,"Post","Castilleja","Present","Grossulariaceae","Ribes","montigenum","RIMO","shrub","perennial",25,1,0,0.25
"2","8/5/24","Emerald Lake","11B",11,22,3,"Post","Castilleja","Removed","Onagraceae","Chamaenuerion","angustifolium","CHAN","forb","perennial",1.5,1,0,0.015
"2","8/5/24","Emerald Lake","11B",11,22,3,"Post","Castilleja","Removed","Asteraceae","Erigeron","elatior","EREL","forb","perennial",1,2,0,0.01
"2","8/5/24","Emerald Lake","11B",11,22,3,"Post","Castilleja","Removed","Rosaceae","Fragaria","virginiana","FRVI","forb","perennial",2,4,0,0.02
"2","8/5/24","Emerald Lake","11B",11,22,3,"Post","Castilleja","Removed","Apiaceae","Heracleum","maximum","HEMA","forb","perennial",30,2,0,0.3
"2","8/5/24","Emerald Lake","11B",11,22,3,"Post","Castilleja","Removed","Asteraceae","Helianthella","quinquenervis","HEQU","forb","perennial",15,8,0,0.15
"2","8/5/24","Emerald Lake","11B",11,22,3,"Post","Castilleja","Removed","Asteraceae","Hymenoxys","hoopesii","HYHO","forb","perennial",2,2,0,0.02
"2","8/5/24","Emerald Lake","11B",11,22,3,"Post","Castilleja","Removed","Apiaceae","Ligusticum","porteri","LIPO","forb","perennial",8,2,0,0.08
"2","8/5/24","Emerald Lake","11B",11,22,3,"Post","Castilleja","Removed","Boraginaceae","Mertensia","ciliata","MECI","forb","perennial",2,2,0,0.02
"2","8/5/24","Emerald Lake","11B",11,22,3,"Post","Castilleja","Removed","Rosaceae","Potentilla","gracilis","POGR","forb","perennial",10,5,0,0.1
"2","8/5/24","Emerald Lake","11B",11,22,3,"Post","Castilleja","Removed","Asteraceae","Senecio","crassulus","SECR","forb","perennial",4,6,0,0.04
"2","8/5/24","Emerald Lake","11B",11,22,3,"Post","Castilleja","Removed","Thalictraceae","Thalictrum","fendleri","THFE","forb","perennial",1,1,0,0.01
"2","8/5/24","Emerald Lake","11B",11,22,3,"Post","Castilleja","Removed","Caprifoliaceae","Valeriana","occidentalis","VAOC","forb","perennial",12,6,0,0.12
"2","8/5/24","Emerald Lake","11B",11,22,3,"Post","Castilleja","Removed","Poaceae","Bromus","pumpellianus","BRPU","grass","perennial",0.1,1,0,0.001
"2","8/5/24","Emerald Lake","11B",11,22,3,"Post","Castilleja","Removed","Poaceae","Elymus","glaucus","ELGL","grass","perennial",0.5,3,0,0.005
"2","8/5/24","Emerald Lake","11B",11,22,3,"Post","Castilleja","Removed","Poaceae","Melica","spectabilis","MESP","grass","perennial",3,10,0,0.03
"2","8/5/24","Emerald Lake","11B",11,22,3,"Post","Castilleja","Removed","Cyperaceae","Carex","Hoodii","CAHO","sedge","perennial",0.5,5,0,0.005
"2","8/5/24","Emerald Lake","11B",11,22,3,"Post","Castilleja","Removed","Grossulariaceae","Ribes","montigenum","RIMO","shrub","perennial",5,1,0,0.05
"2","8/5/24","Emerald Lake","12A",12,23,3,"Post","Control","Present","Ranunculaceae","Aquilegia","Coerulea","AQCO","forb","perennial",3,2,0,0.03
"2","8/5/24","Emerald Lake","12A",12,23,3,"Post","Control","Present","Onagraceae","Chamaenuerion","angustifolium","CHAN","forb","perennial",5,4,0,0.05
"2","8/5/24","Emerald Lake","12A",12,23,3,"Post","Control","Present","Ranunculaceae","Delphinium","barbeyi","DEBA","forb","perennial",2,1,1,0.02
"2","8/5/24","Emerald Lake","12A",12,23,3,"Post","Control","Present","Asteraceae","Erigeron","coulteri","ERCO","forb","perennial",0.5,1,0,0.005
"2","8/5/24","Emerald Lake","12A",12,23,3,"Post","Control","Present","Asteraceae","Erigeron","elatior","EREL","forb","perennial",3,2,0,0.03
"2","8/5/24","Emerald Lake","12A",12,23,3,"Post","Control","Present","Gentianaceae","Gentiana","parryi","GEPA","forb","perennial",1,1,0,0.01
"2","8/5/24","Emerald Lake","12A",12,23,3,"Post","Control","Present","Asteraceae","Helianthella","quinquenervis","HEQU","forb","perennial",15,5,0,0.15
"2","8/5/24","Emerald Lake","12A",12,23,3,"Post","Control","Present","Asteraceae","Hymenoxys","hoopesii","HYHO","forb","perennial",8,3,1,0.08
"2","8/5/24","Emerald Lake","12A",12,23,3,"Post","Control","Present","Apiaceae","Ligusticum","porteri","LIPO","forb","perennial",20,4,0,0.2
"2","8/5/24","Emerald Lake","12A",12,23,3,"Post","Control","Present","Rosaceae","Potentilla","gracilis","POGR","forb","perennial",6,2,0,0.06
"2","8/5/24","Emerald Lake","12A",12,23,3,"Post","Control","Present","Asteraceae","Senecio","crassulus","SECR","forb","perennial",10,7,1,0.1
"2","8/5/24","Emerald Lake","12A",12,23,3,"Post","Control","Present","Caprifoliaceae","Valeriana","occidentalis","VAOC","forb","perennial",2,1,0,0.02
"2","8/5/24","Emerald Lake","12A",12,23,3,"Post","Control","Present","Violaceae","Viola","nuttallii","VINU","forb","perennial",0.5,1,0,0.005
"2","8/5/24","Emerald Lake","12A",12,23,3,"Post","Control","Present","Poaceae","Bromus","pumpellianus","BRPU","grass","perennial",1,3,0,0.01
"2","8/5/24","Emerald Lake","12A",12,23,3,"Post","Control","Present","Poaceae","Elymus","glaucus","ELGL","grass","perennial",4,8,0,0.04
"2","8/5/24","Emerald Lake","12A",12,23,3,"Post","Control","Present","Poaceae","Melica","spectabilis","MESP","grass","perennial",10,4,1,0.1
"2","8/5/24","Emerald Lake","12B",12,24,3,"Post","Control","Removed","Campanulaceae","Campanula","petiolata","CAPE","forb","perennial",0.5,3,0,0.005
"2","8/5/24","Emerald Lake","12B",12,24,3,"Post","Control","Removed","Asteraceae","Erigeron","speciosus","ERSP","forb","perennial",6,3,0,0.06
"2","8/5/24","Emerald Lake","12B",12,24,3,"Post","Control","Removed","Asteraceae","Helianthella","quinquenervis","HEQU","forb","perennial",10,6,0,0.1
"2","8/5/24","Emerald Lake","12B",12,24,3,"Post","Control","Removed","Asteraceae","Hymenoxys","hoopesii","HYHO","forb","perennial",3,3,0,0.03
"2","8/5/24","Emerald Lake","12B",12,24,3,"Post","Control","Removed","Apiaceae","Ligusticum","porteri","LIPO","forb","perennial",3,1,0,0.03
"2","8/5/24","Emerald Lake","12B",12,24,3,"Post","Control","Removed","Rosaceae","Potentilla","gracilis","POGR","forb","perennial",20,8,0,0.2
"2","8/5/24","Emerald Lake","12B",12,24,3,"Post","Control","Removed","Poaceae","Bromus","pumpellianus","BRPU","grass","perennial",1,3,0,0.01
"2","8/5/24","Emerald Lake","12B",12,24,3,"Post","Control","Removed","Poaceae","Melica","spectabilis","MESP","grass","perennial",5,5,0,0.05
"2","8/5/24","Emerald Lake","12B",12,24,3,"Post","Control","Removed","Fabaceae","Lupinus","argentus","LUAR","legume","perennial",10,4,0,0.1
"2","8/5/24","Emerald Lake","12B",12,24,3,"Post","Control","Removed","Cyperaceae","Carex","Hoodii","CAHO","sedge","perennial",3,6,0,0.03
"2","8/5/24","Emerald Lake","13A",13,25,1,"Post","Control","Removed","Ranunculaceae","Aquilegia","Coerulea","AQCO","forb","perennial",3,1,0,0.03
"2","8/5/24","Emerald Lake","13A",13,25,1,"Post","Control","Removed","Brassicaceae","Boechera","stricta","BOST","forb","biennial",0.1,2,0,0.001
"2","8/5/24","Emerald Lake","13A",13,25,1,"Post","Control","Removed","Onagraceae","Chamaenuerion","angustifolium","CHAN","forb","perennial",1,2,0,0.01
"2","8/5/24","Emerald Lake","13A",13,25,1,"Post","Control","Removed","Asteraceae","Erigeron","elatior","EREL","forb","perennial",2,1,0,0.02
"2","8/5/24","Emerald Lake","13A",13,25,1,"Post","Control","Removed","Rosaceae","Fragaria","virginiana","FRVI","forb","perennial",4,6,0,0.04
"2","8/5/24","Emerald Lake","13A",13,25,1,"Post","Control","Removed","Geraniaceae","Geranium","richardsonii","GERI","forb","perennial",1,1,0,0.01
"2","8/5/24","Emerald Lake","13A",13,25,1,"Post","Control","Removed","Asteraceae","Helianthella","quinquenervis","HEQU","forb","perennial",24,10,0,0.24
"2","8/5/24","Emerald Lake","13A",13,25,1,"Post","Control","Removed","Apiaceae","Ligusticum","porteri","LIPO","forb","perennial",8,2,0,0.08
"2","8/5/24","Emerald Lake","13A",13,25,1,"Post","Control","Removed","Rosaceae","Potentilla","gracilis","POGR","forb","perennial",5,4,0,0.05
"2","8/5/24","Emerald Lake","13A",13,25,1,"Post","Control","Removed","Asteraceae","Senecio","crassulus","SECR","forb","perennial",0.5,1,0,0.005
"2","8/5/24","Emerald Lake","13A",13,25,1,"Post","Control","Removed","Poaceae","Bromus","pumpellianus","BRPU","grass","perennial",1,5,0,0.01
"2","8/5/24","Emerald Lake","13A",13,25,1,"Post","Control","Removed","Poaceae","Elymus","glaucus","ELGL","grass","perennial",1,4,0,0.01
"2","8/5/24","Emerald Lake","13A",13,25,1,"Post","Control","Removed","Fabaceae","Lupinus","argentus","LUAR","legume","perennial",15,8,0,0.15
"2","8/5/24","Emerald Lake","13A",13,25,1,"Post","Control","Removed","Cyperaceae","Carex","Hoodii","CAHO","sedge","perennial",3,8,0,0.03
"2","8/5/24","Emerald Lake","13B",13,26,1,"Post","Control","Present","Ranunculaceae","Delphinium","barbeyi","DEBA","forb","perennial",3,1,0,0.03
"2","8/5/24","Emerald Lake","13B",13,26,1,"Post","Control","Present","Asteraceae","Erigeron","elatior","EREL","forb","perennial",1,1,0,0.01
"2","8/5/24","Emerald Lake","13B",13,26,1,"Post","Control","Present","Asteraceae","Erigeron","speciosus","ERSP","forb","perennial",5,1,0,0.05
"2","8/5/24","Emerald Lake","13B",13,26,1,"Post","Control","Present","Rosaceae","Fragaria","virginiana","FRVI","forb","perennial",0.5,1,0,0.005
"2","8/5/24","Emerald Lake","13B",13,26,1,"Post","Control","Present","Asteraceae","Helianthella","quinquenervis","HEQU","forb","perennial",15,4,1,0.15
"2","8/5/24","Emerald Lake","13B",13,26,1,"Post","Control","Present","Apiaceae","Ligusticum","porteri","LIPO","forb","perennial",15,2,0,0.15
"2","8/5/24","Emerald Lake","13B",13,26,1,"Post","Control","Present","Boraginaceae","Mertensia","ciliata","MECI","forb","perennial",1.5,1,0,0.015
"2","8/5/24","Emerald Lake","13B",13,26,1,"Post","Control","Present","Rosaceae","Potentilla","gracilis","POGR","forb","perennial",5,4,1,0.05
"2","8/5/24","Emerald Lake","13B",13,26,1,"Post","Control","Present","Caprifoliaceae","Valeriana","occidentalis","VAOC","forb","perennial",4,2,0,0.04
"2","8/5/24","Emerald Lake","13B",13,26,1,"Post","Control","Present","Poaceae","Bromus","pumpellianus","BRPU","grass","perennial",1,2,1,0.01
"2","8/5/24","Emerald Lake","13B",13,26,1,"Post","Control","Present","Poaceae","Melica","spectabilis","MESP","grass","perennial",4,8,0,0.04
"2","8/5/24","Emerald Lake","13B",13,26,1,"Post","Control","Present","Fabaceae","Lupinus","argentus","LUAR","legume","perennial",4,4,1,0.04
"2","8/5/24","Emerald Lake","13B",13,26,1,"Post","Control","Present","Cyperaceae","Carex","Hoodii","CAHO","sedge","perennial",0.5,3,1,0.005
"2","8/8/24","Emerald Lake","14A",14,27,1,"Post","Community","Present","Ranunculaceae","Delphinium","barbeyi","DEBA","forb","perennial",1.5,1,0,0.015
"2","8/8/24","Emerald Lake","14A",14,27,1,"Post","Community","Present","Asteraceae","Erigeron","elatior","EREL","forb","perennial",2.5,1,0,0.025
"2","8/8/24","Emerald Lake","14A",14,27,1,"Post","Community","Present","Rubiaceae","Galium","bifolium","GABI","forb","perennial",0.2,1,0,0.002
"2","8/8/24","Emerald Lake","14A",14,27,1,"Post","Community","Present","Asteraceae","Helianthella","quinquenervis","HEQU","forb","perennial",15,4,0,0.15
"2","8/8/24","Emerald Lake","14A",14,27,1,"Post","Community","Present","Asteraceae","Hymenoxys","hoopesii","HYHO","forb","perennial",10,4,1,0.1
"2","8/8/24","Emerald Lake","14A",14,27,1,"Post","Community","Present","Rosaceae","Potentilla","gracilis","POGR","forb","perennial",1.5,1,0,0.015
"2","8/8/24","Emerald Lake","14A",14,27,1,"Post","Community","Present","Asteraceae","Senecio","crassulus","SECR","forb","perennial",2,3,0,0.02
"2","8/8/24","Emerald Lake","14A",14,27,1,"Post","Community","Present","Poaceae","Elymus","glaucus","ELGL","grass","perennial",6,7,1,0.06
"2","8/8/24","Emerald Lake","14A",14,27,1,"Post","Community","Present","Poaceae","Melica","spectabilis","MESP","grass","perennial",1.5,4,0,0.015
"2","8/8/24","Emerald Lake","14A",14,27,1,"Post","Community","Present","Grossulariaceae","Ribes","montigenum","RIMO","shrub","perennial",30,2,0,0.3
"2","8/8/24","Emerald Lake","14B",14,28,1,"Post","Community","Removed","Primulaceae","Androsace","septentrionalis","ANSE","forb","annual",0.2,2,0,0.002
"2","8/8/24","Emerald Lake","14B",14,28,1,"Post","Community","Removed","Ranunculaceae","Delphinium","barbeyi","DEBA","forb","perennial",1,1,0,0.01
"2","8/8/24","Emerald Lake","14B",14,28,1,"Post","Community","Removed","Rosaceae","Fragaria","virginiana","FRVI","forb","perennial",0.5,2,0,0.005
"2","8/8/24","Emerald Lake","14B",14,28,1,"Post","Community","Removed","Rubiaceae","Galium","bifolium","GABI","forb","perennial",1,15,0,0.01
"2","8/8/24","Emerald Lake","14B",14,28,1,"Post","Community","Removed","Apiaceae","Heracleum","maximum","HEMA","forb","perennial",10,1,0,0.1
"2","8/8/24","Emerald Lake","14B",14,28,1,"Post","Community","Removed","Asteraceae","Helianthella","quinquenervis","HEQU","forb","perennial",4,1,0,0.04
"2","8/8/24","Emerald Lake","14B",14,28,1,"Post","Community","Removed","Asteraceae","Hymenoxys","hoopesii","HYHO","forb","perennial",20,7,0,0.2
"2","8/8/24","Emerald Lake","14B",14,28,1,"Post","Community","Removed","Boraginaceae","Mertensia","ciliata","MECI","forb","perennial",1,1,0,0.01
"2","8/8/24","Emerald Lake","14B",14,28,1,"Post","Community","Removed","Rosaceae","Potentilla","gracilis","POGR","forb","perennial",1.5,3,0,0.015
"2","8/8/24","Emerald Lake","14B",14,28,1,"Post","Community","Removed","Asteraceae","Senecio","crassulus","SECR","forb","perennial",3,3,0,0.03
"2","8/8/24","Emerald Lake","14B",14,28,1,"Post","Community","Removed","Poaceae","Elymus","glaucus","ELGL","grass","perennial",10,9,0,0.1
"2","8/8/24","Emerald Lake","14B",14,28,1,"Post","Community","Removed","Poaceae","Melica","spectabilis","MESP","grass","perennial",4,6,0,0.04
"2","8/8/24","Emerald Lake","14B",14,28,1,"Post","Community","Removed","Cyperaceae","Carex","Hoodii","CAHO","sedge","perennial",1,1,0,0.01
"2","8/8/24","Emerald Lake","14B",14,28,1,"Post","Community","Removed","Grossulariaceae","Ribes","montigenum","RIMO","shrub","perennial",25,1,0,0.25
"2","8/8/24","Emerald Lake","15A",15,29,1,"Post","Castilleja","Present","Ranunculaceae","Delphinium","barbeyi","DEBA","forb","perennial",1,2,0,0.01
"2","8/8/24","Emerald Lake","15A",15,29,1,"Post","Castilleja","Present","Asteraceae","Erigeron","coulteri","ERCO","forb","perennial",1,4,0,0.01
"2","8/8/24","Emerald Lake","15A",15,29,1,"Post","Castilleja","Present","Asteraceae","Erigeron","elatior","EREL","forb","perennial",1,1,0,0.01
"2","8/8/24","Emerald Lake","15A",15,29,1,"Post","Castilleja","Present","Asteraceae","Helianthella","quinquenervis","HEQU","forb","perennial",10,4,0,0.1
"2","8/8/24","Emerald Lake","15A",15,29,1,"Post","Castilleja","Present","Apiaceae","Ligusticum","porteri","LIPO","forb","perennial",12,1,0,0.12
"2","8/8/24","Emerald Lake","15A",15,29,1,"Post","Castilleja","Present","Ericaceae","Moneses","uniflora","MOUN","forb","perennial",0.2,1,0,0.002
"2","8/8/24","Emerald Lake","15A",15,29,1,"Post","Castilleja","Present","Rosaceae","Potentilla","gracilis","POGR","forb","perennial",6,5,0,0.06
"2","8/8/24","Emerald Lake","15A",15,29,1,"Post","Castilleja","Present","Crassulaceae","Rhodiola","integrifolia","RHIN","forb","perennial",0.5,1,0,0.005
"2","8/8/24","Emerald Lake","15A",15,29,1,"Post","Castilleja","Present","Asteraceae","Senecio","crassulus","SECR","forb","perennial",2,2,1,0.02
"2","8/8/24","Emerald Lake","15A",15,29,1,"Post","Castilleja","Present","Violaceae","Viola","nuttallii","VINU","forb","perennial",0.1,1,1,0.001
"2","8/8/24","Emerald Lake","15A",15,29,1,"Post","Castilleja","Present","Poaceae","Elymus","glaucus","ELGL","grass","perennial",5,11,1,0.05
"2","8/8/24","Emerald Lake","15A",15,29,1,"Post","Castilleja","Present","Poaceae","Melica","spectabilis","MESP","grass","perennial",5,7,1,0.05
"2","8/8/24","Emerald Lake","15A",15,29,1,"Post","Castilleja","Present","Poaceae","Trisetum","spicatum","TRSP","grass","perennial",5,2,0,0.05
"2","8/8/24","Emerald Lake","15A",15,29,1,"Post","Castilleja","Present","Fabaceae","Lupinus","argentus","LUAR","legume","perennial",25,9,1,0.25
"2","8/8/24","Emerald Lake","15B",15,30,1,"Post","Castilleja","Removed","Primulaceae","Androsace","septentrionalis","ANSE","forb","annual",1,3,0,0.01
"2","8/8/24","Emerald Lake","15B",15,30,1,"Post","Castilleja","Removed","Asteraceae","Erigeron","coulteri","ERCO","forb","perennial",0.5,1,0,0.005
"2","8/8/24","Emerald Lake","15B",15,30,1,"Post","Castilleja","Removed","Rubiaceae","Galium","bifolium","GABI","forb","perennial",1,1,0,0.01
"2","8/8/24","Emerald Lake","15B",15,30,1,"Post","Castilleja","Removed","Apiaceae","Ligusticum","porteri","LIPO","forb","perennial",5,1,0,0.05
"2","8/8/24","Emerald Lake","15B",15,30,1,"Post","Castilleja","Removed","Rosaceae","Potentilla","gracilis","POGR","forb","perennial",0.5,1,0,0.005
"2","8/8/24","Emerald Lake","15B",15,30,1,"Post","Castilleja","Removed","Asteraceae","Senecio","crassulus","SECR","forb","perennial",15,6,0,0.15
"2","8/8/24","Emerald Lake","15B",15,30,1,"Post","Castilleja","Removed","Violaceae","Viola","nuttallii","VINU","forb","perennial",0.2,1,0,0.002
"2","8/8/24","Emerald Lake","15B",15,30,1,"Post","Castilleja","Removed","Poaceae","Bromus","pumpellianus","BRPU","grass","perennial",1,3,0,0.01
"2","8/8/24","Emerald Lake","15B",15,30,1,"Post","Castilleja","Removed","Poaceae","Elymus","glaucus","ELGL","grass","perennial",8,6,0,0.08
"2","8/8/24","Emerald Lake","15B",15,30,1,"Post","Castilleja","Removed","Poaceae","Melica","spectabilis","MESP","grass","perennial",20,5,0,0.2
"2","8/8/24","Emerald Lake","15B",15,30,1,"Post","Castilleja","Removed","Fabaceae","Lupinus","argentus","LUAR","legume","perennial",15,6,0,0.15
"2","8/8/24","Emerald Lake","16A",16,31,2,"Post","Control","Present","Onagraceae","Chamaenuerion","angustifolium","CHAN","forb","perennial",0.5,1,0,0.005
"2","8/8/24","Emerald Lake","16A",16,31,2,"Post","Control","Present","Asteraceae","Erigeron","coulteri","ERCO","forb","perennial",0.1,1,0,0.001
"2","8/8/24","Emerald Lake","16A",16,31,2,"Post","Control","Present","Rubiaceae","Galium","bifolium","GABI","forb","perennial",1,2,0,0.01
"2","8/8/24","Emerald Lake","16A",16,31,2,"Post","Control","Present","Asteraceae","Helianthella","quinquenervis","HEQU","forb","perennial",2,7,0,0.02
"2","8/8/24","Emerald Lake","16A",16,31,2,"Post","Control","Present","Rosaceae","Potentilla","gracilis","POGR","forb","perennial",1.5,1,0,0.015
"2","8/8/24","Emerald Lake","16A",16,31,2,"Post","Control","Present","Asteraceae","Senecio","crassulus","SECR","forb","perennial",10,8,0,0.1
"2","8/8/24","Emerald Lake","16A",16,31,2,"Post","Control","Present","Poaceae","Calamagrostis","canadensis","CACA","grass","perennial",2,5,0,0.02
"2","8/8/24","Emerald Lake","16A",16,31,2,"Post","Control","Present","Poaceae","Elymus","glaucus","ELGL","grass","perennial",2,3,0,0.02
"2","8/8/24","Emerald Lake","16A",16,31,2,"Post","Control","Present","Poaceae","Festuca","earlei","FEEA","grass","perennial",1,3,0,0.01
"2","8/8/24","Emerald Lake","16A",16,31,2,"Post","Control","Present","Poaceae","Melica","spectabilis","MESP","grass","perennial",2,5,1,0.02
"2","8/8/24","Emerald Lake","16A",16,31,2,"Post","Control","Present","Fabaceae","Lupinus","argentus","LUAR","legume","perennial",25,8,1,0.25
"2","8/8/24","Emerald Lake","16B",16,32,2,"Post","Control","Removed","Asteraceae","Agoseris","glauca","AGGL","forb","perennial",1,1,0,0.01
"2","8/8/24","Emerald Lake","16B",16,32,2,"Post","Control","Removed","Primulaceae","Androsace","septentrionalis","ANSE","forb","annual",0.5,2,0,0.005
"2","8/8/24","Emerald Lake","16B",16,32,2,"Post","Control","Removed","Onagraceae","Chamaenuerion","angustifolium","CHAN","forb","perennial",15,7,0,0.15
"2","8/8/24","Emerald Lake","16B",16,32,2,"Post","Control","Removed","Ranunculaceae","Delphinium","barbeyi","DEBA","forb","perennial",1,1,0,0.01
"2","8/8/24","Emerald Lake","16B",16,32,2,"Post","Control","Removed","Asteraceae","Helianthella","quinquenervis","HEQU","forb","perennial",5,2,0,0.05
"2","8/8/24","Emerald Lake","16B",16,32,2,"Post","Control","Removed","Rosaceae","Potentilla","gracilis","POGR","forb","perennial",4,2,0,0.04
"2","8/8/24","Emerald Lake","16B",16,32,2,"Post","Control","Removed","Poaceae","Calamagrostis","canadensis","CACA","grass","perennial",10,3,0,0.1
"2","8/8/24","Emerald Lake","16B",16,32,2,"Post","Control","Removed","Poaceae","Elymus","glaucus","ELGL","grass","perennial",3,5,0,0.03
"2","8/8/24","Emerald Lake","16B",16,32,2,"Post","Control","Removed","Poaceae","Melica","spectabilis","MESP","grass","perennial",5,8,0,0.05
"2","8/8/24","Emerald Lake","16B",16,32,2,"Post","Control","Removed","Fabaceae","Lupinus","argentus","LUAR","legume","perennial",20,7,0,0.2
"2","8/6/24","Emerald Lake","17A",17,33,4,"Post","Community","Removed","Primulaceae","Androsace","septentrionalis","ANSE","forb","annual",1,4,0,0.01
"2","8/6/24","Emerald Lake","17A",17,33,4,"Post","Community","Removed","Brassicaceae","Barbarea","vulgaris","BAVU","forb","biennial",1,7,0,0.01
"2","8/6/24","Emerald Lake","17A",17,33,4,"Post","Community","Removed","Onagraceae","Chamaenuerion","angustifolium","CHAN","forb","perennial",4,4,0,0.04
"2","8/6/24","Emerald Lake","17A",17,33,4,"Post","Community","Removed","Asteraceae","Erigeron","coulteri","ERCO","forb","perennial",3,3,0,0.03
"2","8/6/24","Emerald Lake","17A",17,33,4,"Post","Community","Removed","Asteraceae","Erigeron","elatior","EREL","forb","perennial",2,6,0,0.02
"2","8/6/24","Emerald Lake","17A",17,33,4,"Post","Community","Removed","Rosaceae","Fragaria","virginiana","FRVI","forb","perennial",2,3,0,0.02
"2","8/6/24","Emerald Lake","17A",17,33,4,"Post","Community","Removed","Apiaceae","Heracleum","maximum","HEMA","forb","perennial",4,1,0,0.04
"2","8/6/24","Emerald Lake","17A",17,33,4,"Post","Community","Removed","Asteraceae","Hymenoxys","hoopesii","HYHO","forb","perennial",4,4,0,0.04
"2","8/6/24","Emerald Lake","17A",17,33,4,"Post","Community","Removed","Asteraceae","Senecio","crassulus","SECR","forb","perennial",10,6,0,0.1
"2","8/6/24","Emerald Lake","17A",17,33,4,"Post","Community","Removed","Poaceae","Bromus","pumpellianus","BRPU","grass","perennial",0.5,2,0,0.005
"2","8/6/24","Emerald Lake","17A",17,33,4,"Post","Community","Removed","Poaceae","Elymus","glaucus","ELGL","grass","perennial",5,7,0,0.05
"2","8/6/24","Emerald Lake","17A",17,33,4,"Post","Community","Removed","Poaceae","Poa","pratensis","POPR","grass","perennial",10,11,0,0.1
"2","8/6/24","Emerald Lake","17A",17,33,4,"Post","Community","Removed","Fabaceae","Lupinus","argentus","LUAR","legume","perennial",7,5,0,0.07
"2","8/6/24","Emerald Lake","17B",17,34,4,"Post","Community","Present","Brassicaceae","Barbarea","vulgaris","BAVU","forb","biennial",3,15,0,0.03
"2","8/6/24","Emerald Lake","17B",17,34,4,"Post","Community","Present","Onagraceae","Chamaenuerion","angustifolium","CHAN","forb","perennial",10,4,0,0.1
"2","8/6/24","Emerald Lake","17B",17,34,4,"Post","Community","Present","Geraniaceae","Geranium","richardsonii","GERI","forb","perennial",2,1,0,0.02
"2","8/6/24","Emerald Lake","17B",17,34,4,"Post","Community","Present","Asteraceae","Hymenoxys","hoopesii","HYHO","forb","perennial",2,1,0,0.02
"2","8/6/24","Emerald Lake","17B",17,34,4,"Post","Community","Present","Boraginaceae","Mertensia","ciliata","MECI","forb","perennial",3,3,0,0.03
"2","8/6/24","Emerald Lake","17B",17,34,4,"Post","Community","Present","Polygonaceae","Rumex","salicifolius","RUSA","forb","perennial",5,2,0,0.05
"2","8/6/24","Emerald Lake","17B",17,34,4,"Post","Community","Present","Melanthiaceae","Veratrum","californicum","VECA","forb","perennial",30,9,1,0.3
"2","8/6/24","Emerald Lake","17B",17,34,4,"Post","Community","Present","Poaceae","Elymus","glaucus","ELGL","grass","perennial",6,8,0,0.06
"2","8/6/24","Emerald Lake","17B",17,34,4,"Post","Community","Present","Poaceae","Poa","pratensis","POPR","grass","perennial",20,3,1,0.2
"2","8/6/24","Emerald Lake","17B",17,34,4,"Post","Community","Present","Fabaceae","Lupinus","argentus","LUAR","legume","perennial",5,1,1,0.05
"2","8/6/24","Emerald Lake","18A",18,35,5,"Post","Community","Present","Onagraceae","Chamaenuerion","angustifolium","CHAN","forb","perennial",40,9,1,0.4
"2","8/6/24","Emerald Lake","18A",18,35,5,"Post","Community","Present","Ranunculaceae","Delphinium","barbeyi","DEBA","forb","perennial",2,1,1,0.02
"2","8/6/24","Emerald Lake","18A",18,35,5,"Post","Community","Present","Asteraceae","Erigeron","coulteri","ERCO","forb","perennial",1,2,0,0.01
"2","8/6/24","Emerald Lake","18A",18,35,5,"Post","Community","Present","Geraniaceae","Geranium","richardsonii","GERI","forb","perennial",4,1,1,0.04
"2","8/6/24","Emerald Lake","18A",18,35,5,"Post","Community","Present","Apiaceae","Heracleum","maximum","HEMA","forb","perennial",35,2,0,0.35
"2","8/6/24","Emerald Lake","18A",18,35,5,"Post","Community","Present","Asteraceae","Hymenoxys","hoopesii","HYHO","forb","perennial",2,2,0,0.02
"2","8/6/24","Emerald Lake","18A",18,35,5,"Post","Community","Present","Boraginaceae","Mertensia","ciliata","MECI","forb","perennial",3,3,0,0.03
"2","8/6/24","Emerald Lake","18A",18,35,5,"Post","Community","Present","Ericaceae","Moneses","uniflora","MOUN","forb","perennial",1.5,5,0,0.015
"2","8/6/24","Emerald Lake","18A",18,35,5,"Post","Community","Present","Asteraceae","Senecio","crassulus","SECR","forb","perennial",1,2,0,0.01
"2","8/6/24","Emerald Lake","18A",18,35,5,"Post","Community","Present","Caprifoliaceae","Valeriana","occidentalis","VAOC","forb","perennial",1,4,0,0.01
"2","8/6/24","Emerald Lake","18A",18,35,5,"Post","Community","Present","Poaceae","Elymus","glaucus","ELGL","grass","perennial",3,5,1,0.03
"2","8/6/24","Emerald Lake","18A",18,35,5,"Post","Community","Present","Fabaceae","Lupinus","argentus","LUAR","legume","perennial",1,1,0,0.01
"2","8/6/24","Emerald Lake","18B",18,36,5,"Post","Community","Removed","Onagraceae","Chamaenuerion","angustifolium","CHAN","forb","perennial",60,20,0,0.6
"2","8/6/24","Emerald Lake","18B",18,36,5,"Post","Community","Removed","Ranunculaceae","Delphinium","barbeyi","DEBA","forb","perennial",3,2,0,0.03
"2","8/6/24","Emerald Lake","18B",18,36,5,"Post","Community","Removed","Geraniaceae","Geranium","richardsonii","GERI","forb","perennial",4,3,0,0.04
"2","8/6/24","Emerald Lake","18B",18,36,5,"Post","Community","Removed","Apiaceae","Heracleum","maximum","HEMA","forb","perennial",20,1,0,0.2
"2","8/6/24","Emerald Lake","18B",18,36,5,"Post","Community","Removed","Asteraceae","Hymenoxys","hoopesii","HYHO","forb","perennial",3,1,0,0.03
"2","8/6/24","Emerald Lake","18B",18,36,5,"Post","Community","Removed","Boraginaceae","Mertensia","ciliata","MECI","forb","perennial",12,9,0,0.12
"2","8/6/24","Emerald Lake","18B",18,36,5,"Post","Community","Removed","Asteraceae","Senecio","crassulus","SECR","forb","perennial",1,1,0,0.01
"2","8/6/24","Emerald Lake","18B",18,36,5,"Post","Community","Removed","Violaceae","Viola","nuttallii","VINU","forb","perennial",2,5,0,0.02
"2","8/6/24","Emerald Lake","18B",18,36,5,"Post","Community","Removed","Poaceae","Bromus","pumpellianus","BRPU","grass","perennial",0.5,2,0,0.005
"2","8/6/24","Emerald Lake","18B",18,36,5,"Post","Community","Removed","Poaceae","Elymus","glaucus","ELGL","grass","perennial",2,7,0,0.02
"2","8/6/24","Emerald Lake","19A",19,37,5,"Post","Castilleja","Present","Brassicaceae","Barbarea","vulgaris","BAVU","forb","biennial",1,3,0,0.01
"2","8/6/24","Emerald Lake","19A",19,37,5,"Post","Castilleja","Present","Onagraceae","Chamaenuerion","angustifolium","CHAN","forb","perennial",40,10,0,0.4
"2","8/6/24","Emerald Lake","19A",19,37,5,"Post","Castilleja","Present","Ranunculaceae","Delphinium","barbeyi","DEBA","forb","perennial",2,1,0,0.02
"2","8/6/24","Emerald Lake","19A",19,37,5,"Post","Castilleja","Present","Asteraceae","Erigeron","coulteri","ERCO","forb","perennial",2,4,1,0.02
"2","8/6/24","Emerald Lake","19A",19,37,5,"Post","Castilleja","Present","Asteraceae","Erigeron","elatior","EREL","forb","perennial",5,3,0,0.05
"2","8/6/24","Emerald Lake","19A",19,37,5,"Post","Castilleja","Present","Apiaceae","Heracleum","maximum","HEMA","forb","perennial",3,1,0,0.03
"2","8/6/24","Emerald Lake","19A",19,37,5,"Post","Castilleja","Present","Asteraceae","Hymenoxys","hoopesii","HYHO","forb","perennial",20,8,1,0.2
"2","8/6/24","Emerald Lake","19A",19,37,5,"Post","Castilleja","Present","Polygonaceae","Rumex","salicifolius","RUSA","forb","perennial",3,1,0,0.03
"2","8/6/24","Emerald Lake","19A",19,37,5,"Post","Castilleja","Present","Asteraceae","Senecio","crassulus","SECR","forb","perennial",1,1,0,0.01
"2","8/6/24","Emerald Lake","19A",19,37,5,"Post","Castilleja","Present","Poaceae","Elymus","glaucus","ELGL","grass","perennial",0.5,2,0,0.005
"2","8/6/24","Emerald Lake","19A",19,37,5,"Post","Castilleja","Present","Poaceae","Poa","pratensis","POPR","grass","perennial",10,5,1,0.1
"2","8/6/24","Emerald Lake","19B",19,38,5,"Post","Castilleja","Removed","Onagraceae","Chamaenuerion","angustifolium","CHAN","forb","perennial",25,10,0,0.25
"2","8/6/24","Emerald Lake","19B",19,38,5,"Post","Castilleja","Removed","Ranunculaceae","Delphinium","barbeyi","DEBA","forb","perennial",5,1,0,0.05
"2","8/6/24","Emerald Lake","19B",19,38,5,"Post","Castilleja","Removed","Asteraceae","Erigeron","elatior","EREL","forb","perennial",2,3,0,0.02
"2","8/6/24","Emerald Lake","19B",19,38,5,"Post","Castilleja","Removed","Geraniaceae","Geranium","richardsonii","GERI","forb","perennial",1,1,0,0.01
"2","8/6/24","Emerald Lake","19B",19,38,5,"Post","Castilleja","Removed","Asteraceae","Hymenoxys","hoopesii","HYHO","forb","perennial",8,4,0,0.08
"2","8/6/24","Emerald Lake","19B",19,38,5,"Post","Castilleja","Removed","Boraginaceae","Mertensia","ciliata","MECI","forb","perennial",1,2,0,0.01
"2","8/6/24","Emerald Lake","19B",19,38,5,"Post","Castilleja","Removed","Ericaceae","Moneses","uniflora","MOUN","forb","perennial",2,7,0,0.02
"2","8/6/24","Emerald Lake","19B",19,38,5,"Post","Castilleja","Removed","Asteraceae","Senecio","crassulus","SECR","forb","perennial",5,5,0,0.05
"2","8/6/24","Emerald Lake","19B",19,38,5,"Post","Castilleja","Removed","Violaceae","Viola","nuttallii","VINU","forb","perennial",1,1,0,0.01
"2","8/6/24","Emerald Lake","19B",19,38,5,"Post","Castilleja","Removed","Poaceae","Elymus","glaucus","ELGL","grass","perennial",1,6,0,0.01
"2","8/6/24","Emerald Lake","19B",19,38,5,"Post","Castilleja","Removed","Poaceae","Melica","spectabilis","MESP","grass","perennial",1,2,0,0.01
"2","8/6/24","Emerald Lake","19B",19,38,5,"Post","Castilleja","Removed","Poaceae","Poa","pratensis","POPR","grass","perennial",10,3,0,0.1
"2","8/6/24","Emerald Lake","19B",19,38,5,"Post","Castilleja","Removed","Fabaceae","Lupinus","argentus","LUAR","legume","perennial",10,4,0,0.1
"2","8/6/24","Emerald Lake","20A",20,39,4,"Post","Mixed","Present","Onagraceae","Chamaenuerion","angustifolium","CHAN","forb","perennial",1.5,1,0,0.015
"2","8/6/24","Emerald Lake","20A",20,39,4,"Post","Mixed","Present","Onagraceae","Epilobium","ciliatum","EPCI","forb","perennial",1,6,0,0.01
"2","8/6/24","Emerald Lake","20A",20,39,4,"Post","Mixed","Present","Rubiaceae","Galium","bifolium","GABI","forb","perennial",0.1,1,0,0.001
"2","8/6/24","Emerald Lake","20A",20,39,4,"Post","Mixed","Present","Geraniaceae","Geranium","richardsonii","GERI","forb","perennial",6,3,0,0.06
"2","8/6/24","Emerald Lake","20A",20,39,4,"Post","Mixed","Present","Apiaceae","Heracleum","maximum","HEMA","forb","perennial",10,1,0,0.1
"2","8/6/24","Emerald Lake","20A",20,39,4,"Post","Mixed","Present","Boraginaceae","Hydrophyllum","capitatum","HYCA","forb","perennial",0.5,1,0,0.005
"2","8/6/24","Emerald Lake","20A",20,39,4,"Post","Mixed","Present","Rosaceae","Potentilla","gracilis","POGR","forb","perennial",3,1,0,0.03
"2","8/6/24","Emerald Lake","20A",20,39,4,"Post","Mixed","Present","Asteraceae","Senecio","crassulus","SECR","forb","perennial",2,4,1,0.02
"2","8/6/24","Emerald Lake","20A",20,39,4,"Post","Mixed","Present","Asteraceae","Taraxicum","officinale","TAOF","forb","perennial",1,2,0,0.01
"2","8/6/24","Emerald Lake","20A",20,39,4,"Post","Mixed","Present","Poaceae","Bromus","pumpellianus","BRPU","grass","perennial",2,2,0,0.02
"2","8/6/24","Emerald Lake","20A",20,39,4,"Post","Mixed","Present","Poaceae","Elymus","glaucus","ELGL","grass","perennial",2,8,1,0.02
"2","8/6/24","Emerald Lake","20A",20,39,4,"Post","Mixed","Present","Poaceae","Poa","pratensis","POPR","grass","perennial",15,4,1,0.15
"2","8/6/24","Emerald Lake","20A",20,39,4,"Post","Mixed","Present","Fabaceae","Lupinus","argentus","LUAR","legume","perennial",12,5,1,0.12
"2","8/6/24","Emerald Lake","20A",20,39,4,"Post","Mixed","Present","Fabaceae","Trifolium","hybridum","TRHY","legume","perennial",1,1,0,0.01
"2","8/6/24","Emerald Lake","20B",20,40,4,"Post","Mixed","Removed","Asteraceae","Erigeron","coulteri","ERCO","forb","perennial",0.5,1,0,0.005
"2","8/6/24","Emerald Lake","20B",20,40,4,"Post","Mixed","Removed","Geraniaceae","Geranium","richardsonii","GERI","forb","perennial",3,5,0,0.03
"2","8/6/24","Emerald Lake","20B",20,40,4,"Post","Mixed","Removed","Apiaceae","Heracleum","maximum","HEMA","forb","perennial",30,1,0,0.3
"2","8/6/24","Emerald Lake","20B",20,40,4,"Post","Mixed","Removed","Asteraceae","Hymenoxys","hoopesii","HYHO","forb","perennial",4,4,0,0.04
"2","8/6/24","Emerald Lake","20B",20,40,4,"Post","Mixed","Removed","Boraginaceae","Mertensia","ciliata","MECI","forb","perennial",5,3,0,0.05
"2","8/6/24","Emerald Lake","20B",20,40,4,"Post","Mixed","Removed","Rosaceae","Potentilla","gracilis","POGR","forb","perennial",4,2,0,0.04
"2","8/6/24","Emerald Lake","20B",20,40,4,"Post","Mixed","Removed","Asteraceae","Senecio","crassulus","SECR","forb","perennial",2,6,0,0.02
"2","8/6/24","Emerald Lake","20B",20,40,4,"Post","Mixed","Removed","Violaceae","Viola","nuttallii","VINU","forb","perennial",0.5,3,0,0.005
"2","8/6/24","Emerald Lake","20B",20,40,4,"Post","Mixed","Removed","Poaceae","Elymus","glaucus","ELGL","grass","perennial",3,6,0,0.03
"2","8/6/24","Emerald Lake","20B",20,40,4,"Post","Mixed","Removed","Fabaceae","Lupinus","argentus","LUAR","legume","perennial",12,6,0,0.12
"3","8/6/25","Emerald Lake","1A",1,1,1,"Post","Mixed","Removed","Primulaceae","Androsace","septentrionalis","ANSE","forb","annual",0.5,2,0,0.005
"3","8/6/25","Emerald Lake","1A",1,1,1,"Post","Mixed","Removed","Onagraceae","Chamaenuerion","angustifolium","CHAN","forb","perennial",3,3,0,0.03
"3","8/6/25","Emerald Lake","1A",1,1,1,"Post","Mixed","Removed","Brassicaceae ","Draba","spectabilis","DRSP","forb","perennial",0.1,2,0,0.001
"3","8/6/25","Emerald Lake","1A",1,1,1,"Post","Mixed","Removed","Rosaceae","Fragaria","virginiana","FRVI","forb","perennial",4,3,0,0.04
"3","8/6/25","Emerald Lake","1A",1,1,1,"Post","Mixed","Removed","Geraniaceae","Geranium","richardsonii","GERI","forb","perennial",2,2,0,0.02
"3","8/6/25","Emerald Lake","1A",1,1,1,"Post","Mixed","Removed","Asteraceae","Helianthella","quinquenervis","HEQU","forb","perennial",45,7,0,0.45
"3","8/6/25","Emerald Lake","1A",1,1,1,"Post","Mixed","Removed","Asteraceae","Hymenoxys","hoopesii","HYHO","forb","perennial",3,2,0,0.03
"3","8/6/25","Emerald Lake","1A",1,1,1,"Post","Mixed","Removed","Apiaceae","Ligusticum","porteri","LIPO","forb","perennial",3,2,0,0.03
"3","8/6/25","Emerald Lake","1A",1,1,1,"Post","Mixed","Removed","Boraginaceae","Mertensia","ciliata","MECI","forb","perennial",1,2,0,0.01
"3","8/6/25","Emerald Lake","1A",1,1,1,"Post","Mixed","Removed","Rosaceae","Potentilla","gracilis","POGR","forb","perennial",7,4,0,0.07
"3","8/6/25","Emerald Lake","1A",1,1,1,"Post","Mixed","Removed","Asteraceae","Senecio","crassulus","SECR","forb","perennial",4,3,0,0.04
"3","8/6/25","Emerald Lake","1A",1,1,1,"Post","Mixed","Removed","Poaceae","Bromus","pumpellianus","BRPU","grass","perennial",1,2,0,0.01
"3","8/6/25","Emerald Lake","1A",1,1,1,"Post","Mixed","Removed","Poaceae","Elymus","glaucus","ELGL","grass","perennial",12,4,0,0.12
"3","8/6/25","Emerald Lake","1A",1,1,1,"Post","Mixed","Removed","Poaceae","Melica","spectabilis","MESP","grass","perennial",10,6,0,0.1
"3","8/6/25","Emerald Lake","1A",1,1,1,"Post","Mixed","Removed","Fabaceae","Lupinus","argenteus","LUAR","legume","perennial",3,10,0,0.03
"3","8/6/25","Emerald Lake","1B",1,2,1,"Post","Mixed","Present","Asteraceae","Agoseris","glauca","AGGL","forb","perennial",1,2,0,0.01
"3","8/6/25","Emerald Lake","1B",1,2,1,"Post","Mixed","Present","Primulaceae","Androsace","septentrionalis","ANSE","forb","annual",0.5,1,0,0.005
"3","8/6/25","Emerald Lake","1B",1,2,1,"Post","Mixed","Present","Ranunculaceae","Aquilegia","coerulea","AQCO","forb","perennial",4,2,0,0.04
"3","8/6/25","Emerald Lake","1B",1,2,1,"Post","Mixed","Present","Asteraceae","Erigeron","elatior","EREL","forb","perennial",0.5,1,0,0.005
"3","8/6/25","Emerald Lake","1B",1,2,1,"Post","Mixed","Present","Rosaceae","Fragaria","virginiana","FRVI","forb","perennial",2,4,0,0.02
"3","8/6/25","Emerald Lake","1B",1,2,1,"Post","Mixed","Present","Geraniaceae","Geranium","richardsonii","GERI","forb","perennial",1,1,0,0.01
"3","8/6/25","Emerald Lake","1B",1,2,1,"Post","Mixed","Present","Asteraceae","Helianthella","quinquenervis","HEQU","forb","perennial",25,9,0,0.25
"3","8/6/25","Emerald Lake","1B",1,2,1,"Post","Mixed","Present","Asteraceae","Hymenoxys","hoopesii","HYHO","forb","perennial",15,5,1,0.15
"3","8/6/25","Emerald Lake","1B",1,2,1,"Post","Mixed","Present","Apiaceae","Ligusticum","porteri","LIPO","forb","perennial",8,2,1,0.08
"3","8/6/25","Emerald Lake","1B",1,2,1,"Post","Mixed","Present","Rosaceae","Potentilla","gracilis","POGR","forb","perennial",5,3,1,0.05
"3","8/6/25","Emerald Lake","1B",1,2,1,"Post","Mixed","Present","Poaceae","Bromus","pumpellianus","BRPU","grass","perennial",1,7,0,0.01
"3","8/6/25","Emerald Lake","1B",1,2,1,"Post","Mixed","Present","Poaceae","Elymus","glaucus","ELGL","grass","perennial",2,8,0,0.02
"3","8/6/25","Emerald Lake","1B",1,2,1,"Post","Mixed","Present","Poaceae","Melica","spectabilis","MESP","grass","perennial",3,6,0,0.03
"3","8/6/25","Emerald Lake","1B",1,2,1,"Post","Mixed","Present","Poaceae","Poa","stenantha","POST","grass","perennial",1,1,0,0.01
"3","8/6/25","Emerald Lake","1B",1,2,1,"Post","Mixed","Present","Cyperaceae","Carex","Hoodii","CAHO","sedge","perennial",3,5,0,0.03
"3","8/6/25","Emerald Lake","1B",1,2,1,"Post","Mixed","Present","Grossulariaceae","Ribes","montigenum","RIMO","shrub","perennial",25,2,0,0.25
"3","8/4/25","Emerald Lake","2A",2,3,2,"Post","Castilleja","Present","Primulaceae","Androsace","septentrionalis","ANSE","forb","annual",1,3,0,0.01
"3","8/4/25","Emerald Lake","2A",2,3,2,"Post","Castilleja","Present","Ranunculaceae","Aquilegia","coerulea","AQCO","forb","perennial",4,1,0,0.04
"3","8/4/25","Emerald Lake","2A",2,3,2,"Post","Castilleja","Present","Brassicaceae","Barbarea","vulgaris","BAVU","forb","biennial",0.1,1,0,0.001
"3","8/4/25","Emerald Lake","2A",2,3,2,"Post","Castilleja","Present","Onagraceae","Chamaenuerion","angustifolium","CHAN","forb","perennial",3,3,0,0.03
"3","8/4/25","Emerald Lake","2A",2,3,2,"Post","Castilleja","Present","Brassicaceae","Descurainia","sophia","DESO","forb","perennial",1,2,0,0.01
"3","8/4/25","Emerald Lake","2A",2,3,2,"Post","Castilleja","Present","Rosaceae","Fragaria","virginiana","FRVI","forb","perennial",1,1,0,0.01
"3","8/4/25","Emerald Lake","2A",2,3,2,"Post","Castilleja","Present","Geraniaceae","Geranium","richardsonii","GERI","forb","perennial",4,2,0,0.04
"3","8/4/25","Emerald Lake","2A",2,3,2,"Post","Castilleja","Present","Apiaceae","Heracleum","maximum","HEMA","forb","perennial",8,2,0,0.08
"3","8/4/25","Emerald Lake","2A",2,3,2,"Post","Castilleja","Present","Asteraceae","Helianthella","quinquenervis","HEQU","forb","perennial",8,4,0,0.08
"3","8/4/25","Emerald Lake","2A",2,3,2,"Post","Castilleja","Present","Asteraceae","Hymenoxys","hoopesii","HYHO","forb","perennial",4,4,0,0.04
"3","8/4/25","Emerald Lake","2A",2,3,2,"Post","Castilleja","Present","Apiaceae","Ligusticum","porteri","LIPO","forb","perennial",20,2,0,0.2
"3","8/4/25","Emerald Lake","2A",2,3,2,"Post","Castilleja","Present","Rosaceae","Potentilla","gracilis","POGR","forb","perennial",2,1,0,0.02
"3","8/4/25","Emerald Lake","2A",2,3,2,"Post","Castilleja","Present","Asteraceae","Senecio","crassulus","SECR","forb","perennial",0.5,1,0,0.005
"3","8/4/25","Emerald Lake","2A",2,3,2,"Post","Castilleja","Present","Caprifoliaceae","Valeriana","occidentalis","VAOC","forb","perennial",1.5,3,0,0.015
"3","8/4/25","Emerald Lake","2A",2,3,2,"Post","Castilleja","Present","Poaceae","Bromus","pumpellianus","BRPU","grass","perennial",1,4,0,0.01
"3","8/4/25","Emerald Lake","2A",2,3,2,"Post","Castilleja","Present","Poaceae","Elymus","glaucus","ELGL","grass","perennial",2,9,0,0.02
"3","8/4/25","Emerald Lake","2A",2,3,2,"Post","Castilleja","Present","Poaceae","Melica","spectabilis","MESP","grass","perennial",3,5,0,0.03
"3","8/4/25","Emerald Lake","2A",2,3,2,"Post","Castilleja","Present","Fabaceae","Lupinus","argenteus","LUAR","legume","perennial",5,3,0,0.05
"3","8/4/25","Emerald Lake","2A",2,3,2,"Post","Castilleja","Present","Cyperaceae","Carex","Hoodii","CAHO","sedge","perennial",1,3,0,0.01
"3","8/4/25","Emerald Lake","2B",2,4,2,"Post","Castilleja","Removed","Primulaceae","Androsace","septentrionalis","ANSE","forb","annual",1,1,0,0.01
"3","8/4/25","Emerald Lake","2B",2,4,2,"Post","Castilleja","Removed","Onagraceae","Chamaenuerion","angustifolium","CHAN","forb","perennial",4,6,0,0.04
"3","8/4/25","Emerald Lake","2B",2,4,2,"Post","Castilleja","Removed","Rosaceae","Fragaria","virginiana","FRVI","forb","perennial",2,2,0,0.02
"3","8/4/25","Emerald Lake","2B",2,4,2,"Post","Castilleja","Removed","Geraniaceae","Geranium","richardsonii","GERI","forb","perennial",1,1,0,0.01
"3","8/4/25","Emerald Lake","2B",2,4,2,"Post","Castilleja","Removed","Apiaceae","Heracleum","maximum","HEMA","forb","perennial",15,1,0,0.15
"3","8/4/25","Emerald Lake","2B",2,4,2,"Post","Castilleja","Removed","Asteraceae","Hymenoxys","hoopesii","HYHO","forb","perennial",15,5,0,0.15
"3","8/4/25","Emerald Lake","2B",2,4,2,"Post","Castilleja","Removed","Apiaceae","Ligusticum","porteri","LIPO","forb","perennial",1,1,0,0.01
"3","8/4/25","Emerald Lake","2B",2,4,2,"Post","Castilleja","Removed","Boraginaceae","Mertensia","ciliata","MECI","forb","perennial",2,2,0,0.02
"3","8/4/25","Emerald Lake","2B",2,4,2,"Post","Castilleja","Removed","Rosaceae","Potentilla","gracilis","POGR","forb","perennial",8,3,0,0.08
"3","8/4/25","Emerald Lake","2B",2,4,2,"Post","Castilleja","Removed","Asteraceae","Senecio","crassulus","SECR","forb","perennial",1,3,0,0.01
"3","8/4/25","Emerald Lake","2B",2,4,2,"Post","Castilleja","Removed","Caprifoliaceae","Valeriana","occidentalis","VAOC","forb","perennial",10,5,0,0.1
"3","8/4/25","Emerald Lake","2B",2,4,2,"Post","Castilleja","Removed","Poaceae","Bromus","pumpellianus","BRPU","grass","perennial",3,6,0,0.03
"3","8/4/25","Emerald Lake","2B",2,4,2,"Post","Castilleja","Removed","Poaceae","Elymus","glaucus","ELGL","grass","perennial",10,10,0,0.1
"3","8/4/25","Emerald Lake","2B",2,4,2,"Post","Castilleja","Removed","Poaceae","Melica","spectabilis","MESP","grass","perennial",6,2,0,0.06
"3","8/6/25","Emerald Lake","3A",3,5,2,"Post","Community","Removed","Onagraceae","Chamaenuerion","angustifolium","CHAN","forb","perennial",9,9,0,0.09
"3","8/6/25","Emerald Lake","3A",3,5,2,"Post","Community","Removed","Ranunculaceae","Delphinium","barbeyi","DEBA","forb","perennial",6,2,0,0.06
"3","8/6/25","Emerald Lake","3A",3,5,2,"Post","Community","Removed","Brassicaceae ","Draba","spectabilis","DRSP","forb","perennial",0.1,1,0,0.001
"3","8/6/25","Emerald Lake","3A",3,5,2,"Post","Community","Removed","Asteraceae","Erigeron","elatior","EREL","forb","perennial",2,2,0,0.02
"3","8/6/25","Emerald Lake","3A",3,5,2,"Post","Community","Removed","Liliaceae","Erythronium","grandiflorum","ERGR","forb","perennial",0.2,2,0,0.002
"3","8/6/25","Emerald Lake","3A",3,5,2,"Post","Community","Removed","Rosaceae","Fragaria","virginiana","FRVI","forb","perennial",3,5,0,0.03
"3","8/6/25","Emerald Lake","3A",3,5,2,"Post","Community","Removed","Geraniaceae","Geranium","richardsonii","GERI","forb","perennial",2,2,0,0.02
"3","8/6/25","Emerald Lake","3A",3,5,2,"Post","Community","Removed","Asteraceae","Helianthella","quinquenervis","HEQU","forb","perennial",4,4,0,0.04
"3","8/6/25","Emerald Lake","3A",3,5,2,"Post","Community","Removed","Asteraceae","Hymenoxys","hoopesii","HYHO","forb","perennial",30,12,0,0.3
"3","8/6/25","Emerald Lake","3A",3,5,2,"Post","Community","Removed","Apiaceae","Ligusticum","porteri","LIPO","forb","perennial",25,3,0,0.25
"3","8/6/25","Emerald Lake","3A",3,5,2,"Post","Community","Removed","Boraginaceae","Mertensia","ciliata","MECI","forb","perennial",2,3,0,0.02
"3","8/6/25","Emerald Lake","3A",3,5,2,"Post","Community","Removed","Asteraceae","Senecio","crassulus","SECR","forb","perennial",3,2,0,0.03
"3","8/6/25","Emerald Lake","3A",3,5,2,"Post","Community","Removed","Caprifoliaceae","Valeriana","occidentalis","VAOC","forb","perennial",1,1,0,0.01
"3","8/6/25","Emerald Lake","3A",3,5,2,"Post","Community","Removed","Poaceae","Bromus","pumpellianus","BRPU","grass","perennial",1,6,0,0.01
"3","8/6/25","Emerald Lake","3A",3,5,2,"Post","Community","Removed","Poaceae","Elymus","glaucus","ELGL","grass","perennial",3,7,0,0.03
"3","8/6/25","Emerald Lake","3A",3,5,2,"Post","Community","Removed","Poaceae","Melica","spectabilis","MESP","grass","perennial",10,4,0,0.1
"3","8/6/25","Emerald Lake","3A",3,5,2,"Post","Community","Removed","Fabaceae","Lupinus","argenteus","LUAR","legume","perennial",20,3,0,0.2
"3","8/6/25","Emerald Lake","3A",3,5,2,"Post","Community","Removed","Cyperaceae","Carex","Hoodii","CAHO","sedge","perennial",3,2,0,0.03
"3","8/6/25","Emerald Lake","3A",3,5,2,"Post","Community","Removed","Grossulariaceae","Ribes","montigenum","RIMO","shrub","perennial",10,1,0,0.1
"3","8/6/25","Emerald Lake","3B",3,6,2,"Post","Community","Present","Asteraceae","Agoseris","glauca","AGGL","forb","perennial",1,1,0,0.01
"3","8/6/25","Emerald Lake","3B",3,6,2,"Post","Community","Present","Primulaceae","Androsace","septentrionalis","ANSE","forb","annual",0.1,2,0,0.001
"3","8/6/25","Emerald Lake","3B",3,6,2,"Post","Community","Present","Ranunculaceae","Aquilegia","coerulea","AQCO","forb","perennial",2,12,0,0.02
"3","8/6/25","Emerald Lake","3B",3,6,2,"Post","Community","Present","Onagraceae","Chamaenuerion","angustifolium","CHAN","forb","perennial",1,1,0,0.01
"3","8/6/25","Emerald Lake","3B",3,6,2,"Post","Community","Present","Brassicaceae ","Draba","spectabilis","DRSP","forb","perennial",0.5,3,0,0.005
"3","8/6/25","Emerald Lake","3B",3,6,2,"Post","Community","Present","Asteraceae","Erigeron","elatior","EREL","forb","perennial",3,3,0,0.03
"3","8/6/25","Emerald Lake","3B",3,6,2,"Post","Community","Present","Liliaceae","Erythronium","grandiflorum","ERGR","forb","perennial",0.5,1,0,0.005
"3","8/6/25","Emerald Lake","3B",3,6,2,"Post","Community","Present","Asteraceae","Erigeron","speciosus","ERSP","forb","perennial",1,1,0,0.01
"3","8/6/25","Emerald Lake","3B",3,6,2,"Post","Community","Present","Rosaceae","Fragaria","virginiana","FRVI","forb","perennial",4,5,0,0.04
"3","8/6/25","Emerald Lake","3B",3,6,2,"Post","Community","Present","Geraniaceae","Geranium","richardsonii","GERI","forb","perennial",3,1,0,0.03
"3","8/6/25","Emerald Lake","3B",3,6,2,"Post","Community","Present","Apiaceae","Heracleum","maximum","HEMA","forb","perennial",7,2,0,0.07
"3","8/6/25","Emerald Lake","3B",3,6,2,"Post","Community","Present","Asteraceae","Helianthella","quinquenervis","HEQU","forb","perennial",12,5,1,0.12
"3","8/6/25","Emerald Lake","3B",3,6,2,"Post","Community","Present","Asteraceae","Hymenoxys","hoopesii","HYHO","forb","perennial",15,5,1,0.15
"3","8/6/25","Emerald Lake","3B",3,6,2,"Post","Community","Present","Apiaceae","Ligusticum","porteri","LIPO","forb","perennial",15,4,0,0.15
"3","8/6/25","Emerald Lake","3B",3,6,2,"Post","Community","Present","Boraginaceae","Mertensia","ciliata","MECI","forb","perennial",1,1,0,0.01
"3","8/6/25","Emerald Lake","3B",3,6,2,"Post","Community","Present","Rosaceae","Potentilla","gracilis","POGR","forb","perennial",1,1,0,0.01
"3","8/6/25","Emerald Lake","3B",3,6,2,"Post","Community","Present","Asteraceae","Senecio","crassulus","SECR","forb","perennial",7,5,1,0.07
"3","8/6/25","Emerald Lake","3B",3,6,2,"Post","Community","Present","Caprifoliaceae","Valeriana","occidentalis","VAOC","forb","perennial",5,8,0,0.05
"3","8/6/25","Emerald Lake","3B",3,6,2,"Post","Community","Present","Poaceae","Bromus","pumpellianus","BRPU","grass","perennial",2,15,0,0.02
"3","8/6/25","Emerald Lake","3B",3,6,2,"Post","Community","Present","Poaceae","Elymus","glaucus","ELGL","grass","perennial",5,7,1,0.05
"3","8/6/25","Emerald Lake","3B",3,6,2,"Post","Community","Present","Poaceae","Melica","spectabilis","MESP","grass","perennial",2,3,0,0.02
"3","8/6/25","Emerald Lake","3B",3,6,2,"Post","Community","Present","Poaceae","Poa","stenantha","POST","grass","perennial",7,1,0,0.07
"3","8/6/25","Emerald Lake","3B",3,6,2,"Post","Community","Present","Fabaceae","Lupinus","argenteus","LUAR","legume","perennial",2,1,0,0.02
"3","8/6/25","Emerald Lake","3B",3,6,2,"Post","Community","Present","Cyperaceae","Carex","Hoodii","CAHO","sedge","perennial",1,2,1,0.01
"3","8/6/25","Emerald Lake","3B",3,6,2,"Post","Community","Present","Grossulariaceae","Ribes","montigenum","RIMO","shrub","perennial",30,2,1,0.3
"3","8/6/25","Emerald Lake","4A",4,7,2,"Post","Mixed","Removed","Brassicaceae","Descurainia","sophia","DESO","forb","perennial",0.1,1,0,0.001
"3","8/6/25","Emerald Lake","4A",4,7,2,"Post","Mixed","Removed","Asteraceae","Erigeron","elatior","EREL","forb","perennial",3,1,0,0.03
"3","8/6/25","Emerald Lake","4A",4,7,2,"Post","Mixed","Removed","Asteraceae","Erigeron","speciosus","ERSP","forb","perennial",4,2,0,0.04
"3","8/6/25","Emerald Lake","4A",4,7,2,"Post","Mixed","Removed","Geraniaceae","Geranium","richardsonii","GERI","forb","perennial",1,1,0,0.01
"3","8/6/25","Emerald Lake","4A",4,7,2,"Post","Mixed","Removed","Asteraceae","Helianthella","quinquenervis","HEQU","forb","perennial",25,7,0,0.25
"3","8/6/25","Emerald Lake","4A",4,7,2,"Post","Mixed","Removed","Asteraceae","Hymenoxys","hoopesii","HYHO","forb","perennial",10,5,0,0.1
"3","8/6/25","Emerald Lake","4A",4,7,2,"Post","Mixed","Removed","Apiaceae","Ligusticum","porteri","LIPO","forb","perennial",35,3,0,0.35
"3","8/6/25","Emerald Lake","4A",4,7,2,"Post","Mixed","Removed","Boraginaceae","Mertensia","ciliata","MECI","forb","perennial",3,4,0,0.03
"3","8/6/25","Emerald Lake","4A",4,7,2,"Post","Mixed","Removed","Rosaceae","Potentilla","gracilis","POGR","forb","perennial",5,4,0,0.05
"3","8/6/25","Emerald Lake","4A",4,7,2,"Post","Mixed","Removed","Asteraceae","Senecio","crassulus","SECR","forb","perennial",5,4,0,0.05
"3","8/6/25","Emerald Lake","4A",4,7,2,"Post","Mixed","Removed","Caprifoliaceae","Valeriana","occidentalis","VAOC","forb","perennial",3,5,0,0.03
"3","8/6/25","Emerald Lake","4A",4,7,2,"Post","Mixed","Removed","Poaceae","Bromus","pumpellianus","BRPU","grass","perennial",0.5,3,0,0.005
"3","8/6/25","Emerald Lake","4A",4,7,2,"Post","Mixed","Removed","Poaceae","Elymus","glaucus","ELGL","grass","perennial",1,5,0,0.01
"3","8/6/25","Emerald Lake","4A",4,7,2,"Post","Mixed","Removed","Poaceae","Melica","spectabilis","MESP","grass","perennial",10,6,0,0.1
"3","8/6/25","Emerald Lake","4B",4,8,2,"Post","Mixed","Present","Primulaceae","Androsace","septentrionalis","ANSE","forb","annual",0.5,1,0,0.005
"3","8/6/25","Emerald Lake","4B",4,8,2,"Post","Mixed","Present","Ranunculaceae","Aquilegia","coerulea","AQCO","forb","perennial",1,1,0,0.01
"3","8/6/25","Emerald Lake","4B",4,8,2,"Post","Mixed","Present","Onagraceae","Chamaenuerion","angustifolium","CHAN","forb","perennial",1,1,0,0.01
"3","8/6/25","Emerald Lake","4B",4,8,2,"Post","Mixed","Present","Asteraceae","Erigeron","elatior","EREL","forb","perennial",2,2,1,0.02
"3","8/6/25","Emerald Lake","4B",4,8,2,"Post","Mixed","Present","Asteraceae","Erigeron","speciosus","ERSP","forb","perennial",1,1,1,0.01
"3","8/6/25","Emerald Lake","4B",4,8,2,"Post","Mixed","Present","Rosaceae","Fragaria","virginiana","FRVI","forb","perennial",10,5,1,0.1
"3","8/6/25","Emerald Lake","4B",4,8,2,"Post","Mixed","Present","Geraniaceae","Geranium","richardsonii","GERI","forb","perennial",1,1,0,0.01
"3","8/6/25","Emerald Lake","4B",4,8,2,"Post","Mixed","Present","Apiaceae","Heracleum","maximum","HEMA","forb","perennial",8,1,0,0.08
"3","8/6/25","Emerald Lake","4B",4,8,2,"Post","Mixed","Present","Asteraceae","Helianthella","quinquenervis","HEQU","forb","perennial",15,5,1,0.15
"3","8/6/25","Emerald Lake","4B",4,8,2,"Post","Mixed","Present","Asteraceae","Hymenoxys","hoopesii","HYHO","forb","perennial",4,2,1,0.04
"3","8/6/25","Emerald Lake","4B",4,8,2,"Post","Mixed","Present","Apiaceae","Ligusticum","porteri","LIPO","forb","perennial",20,2,1,0.2
"3","8/6/25","Emerald Lake","4B",4,8,2,"Post","Mixed","Present","Boraginaceae","Mertensia","ciliata","MECI","forb","perennial",2,1,1,0.02
"3","8/6/25","Emerald Lake","4B",4,8,2,"Post","Mixed","Present","Rosaceae","Potentilla","gracilis","POGR","forb","perennial",5,2,1,0.05
"3","8/6/25","Emerald Lake","4B",4,8,2,"Post","Mixed","Present","Asteraceae","Senecio","crassulus","SECR","forb","perennial",3,2,0,0.03
"3","8/6/25","Emerald Lake","4B",4,8,2,"Post","Mixed","Present","Asteraceae","Taraxicum","officinale","TAOF","forb","perennial",1,1,0,0.01
"3","8/6/25","Emerald Lake","4B",4,8,2,"Post","Mixed","Present","Thalictraceae","Thalictrum","fendleri","THFE","forb","perennial",15,2,1,0.15
"3","8/6/25","Emerald Lake","4B",4,8,2,"Post","Mixed","Present","Caprifoliaceae","Valeriana","occidentalis","VAOC","forb","perennial",1,1,0,0.01
"3","8/6/25","Emerald Lake","4B",4,8,2,"Post","Mixed","Present","Poaceae","Bromus","pumpellianus","BRPU","grass","perennial",1,5,0,0.01
"3","8/6/25","Emerald Lake","4B",4,8,2,"Post","Mixed","Present","Poaceae","Elymus","glaucus","ELGL","grass","perennial",5,12,1,0.05
"3","8/6/25","Emerald Lake","4B",4,8,2,"Post","Mixed","Present","Poaceae","Melica","spectabilis","MESP","grass","perennial",4,2,1,0.04
"3","8/6/25","Emerald Lake","4B",4,8,2,"Post","Mixed","Present","Fabaceae","Lupinus","argenteus","LUAR","legume","perennial",1,1,0,0.01
"3","8/6/25","Emerald Lake","4B",4,8,2,"Post","Mixed","Present","Grossulariaceae","Ribes","montigenum","RIMO","shrub","perennial",40,2,1,0.4
"3","8/3/25","Emerald Lake","5A",5,9,3,"Post","Mixed","Present","Primulaceae","Androsace","septentrionalis","ANSE","forb","annual",1,3,0,0.01
"3","8/3/25","Emerald Lake","5A",5,9,3,"Post","Mixed","Present","Brassicaceae","Barbarea","vulgaris","BAVU","forb","biennial",0.8,3,0,0.008
"3","8/3/25","Emerald Lake","5A",5,9,3,"Post","Mixed","Present","Onagraceae","Chamaenuerion","angustifolium","CHAN","forb","perennial",15,8,1,0.15
"3","8/3/25","Emerald Lake","5A",5,9,3,"Post","Mixed","Present","Ranunculaceae","Delphinium","barbeyi","DEBA","forb","perennial",1,2,0,0.01
"3","8/3/25","Emerald Lake","5A",5,9,3,"Post","Mixed","Present","Asteraceae","Erigeron","elatior","EREL","forb","perennial",15,4,1,0.15
"3","8/3/25","Emerald Lake","5A",5,9,3,"Post","Mixed","Present","Apiaceae","Heracleum","maximum","HEMA","forb","perennial",25,2,0,0.25
"3","8/3/25","Emerald Lake","5A",5,9,3,"Post","Mixed","Present","Asteraceae","Hymenoxys","hoopesii","HYHO","forb","perennial",5,1,0,0.05
"3","8/3/25","Emerald Lake","5A",5,9,3,"Post","Mixed","Present","Apiaceae","Ligusticum","porteri","LIPO","forb","perennial",6,3,0,0.06
"3","8/3/25","Emerald Lake","5A",5,9,3,"Post","Mixed","Present","Boraginaceae","Mertensia","ciliata","MECI","forb","perennial",5,6,0,0.05
"3","8/3/25","Emerald Lake","5A",5,9,3,"Post","Mixed","Present","Rosaceae","Potentilla","gracilis","POGR","forb","perennial",0.5,1,0,0.005
"3","8/3/25","Emerald Lake","5A",5,9,3,"Post","Mixed","Present","Polygonaceae","Rumex","salicifolius","RUSA","forb","perennial",5,3,0,0.05
"3","8/3/25","Emerald Lake","5A",5,9,3,"Post","Mixed","Present","Asteraceae","Senecio","crassulus","SECR","forb","perennial",2,2,0,0.02
"3","8/3/25","Emerald Lake","5A",5,9,3,"Post","Mixed","Present","Caprifoliaceae","Valeriana","occidentalis","VAOC","forb","perennial",3,12,0,0.03
"3","8/3/25","Emerald Lake","5A",5,9,3,"Post","Mixed","Present","Poaceae","Elymus","glaucus","ELGL","grass","perennial",10,8,0,0.1
"3","8/3/25","Emerald Lake","5A",5,9,3,"Post","Mixed","Present","Poaceae","Melica","spectabilis","MESP","grass","perennial",5,3,1,0.05
"3","8/3/25","Emerald Lake","5A",5,9,3,"Post","Mixed","Present","Fabaceae","Lupinus","argenteus","LUAR","legume","perennial",8,2,0,0.08
"3","8/3/25","Emerald Lake","5A",5,9,3,"Post","Mixed","Present","Cyperaceae","Carex","Hoodii","CAHO","sedge","perennial",1,3,1,0.01
"3","8/3/25","Emerald Lake","5B",5,10,3,"Post","Mixed","Removed","Brassicaceae","Barbarea","vulgaris","BAVU","forb","biennial",0.1,3,0,0.001
"3","8/3/25","Emerald Lake","5B",5,10,3,"Post","Mixed","Removed","Onagraceae","Chamaenuerion","angustifolium","CHAN","forb","perennial",6,5,0,0.06
"3","8/3/25","Emerald Lake","5B",5,10,3,"Post","Mixed","Removed","Ranunculaceae","Delphinium","barbeyi","DEBA","forb","perennial",7,3,0,0.07
"3","8/3/25","Emerald Lake","5B",5,10,3,"Post","Mixed","Removed","Brassicaceae","Descurainia","sophia","DESO","forb","perennial",0.5,5,0,0.005
"3","8/3/25","Emerald Lake","5B",5,10,3,"Post","Mixed","Removed","Asteraceae","Erigeron","coulteri","ERCO","forb","perennial",4,2,0,0.04
"3","8/3/25","Emerald Lake","5B",5,10,3,"Post","Mixed","Removed","Apiaceae","Heracleum","maximum","HEMA","forb","perennial",3,1,0,0.03
"3","8/3/25","Emerald Lake","5B",5,10,3,"Post","Mixed","Removed","Polygonaceae","Rumex","salicifolius","RUSA","forb","perennial",5,3,0,0.05
"3","8/3/25","Emerald Lake","5B",5,10,3,"Post","Mixed","Removed","Asteraceae","Senecio","crassulus","SECR","forb","perennial",2,2,0,0.02
"3","8/3/25","Emerald Lake","5B",5,10,3,"Post","Mixed","Removed","Poaceae","Elymus","glaucus","ELGL","grass","perennial",12,15,0,0.12
"3","8/3/25","Emerald Lake","5B",5,10,3,"Post","Mixed","Removed","Poaceae","Melica","spectabilis","MESP","grass","perennial",10,5,0,0.1
"3","8/3/25","Emerald Lake","5B",5,10,3,"Post","Mixed","Removed","Fabaceae","Lupinus","argenteus","LUAR","legume","perennial",2,1,0,0.02
"3","8/6/25","Emerald Lake","6A",6,11,3,"Post","Community","Removed","Ranunculaceae","Aquilegia","coerulea","AQCO","forb","perennial",6,3,0,0.06
"3","8/6/25","Emerald Lake","6A",6,11,3,"Post","Community","Removed","Brassicaceae","Descurainia","sophia","DESO","forb","perennial",0.1,1,0,0.001
"3","8/6/25","Emerald Lake","6A",6,11,3,"Post","Community","Removed","Rosaceae","Fragaria","virginiana","FRVI","forb","perennial",1,3,0,0.01
"3","8/6/25","Emerald Lake","6A",6,11,3,"Post","Community","Removed","Apiaceae","Heracleum","maximum","HEMA","forb","perennial",2,1,0,0.02
"3","8/6/25","Emerald Lake","6A",6,11,3,"Post","Community","Removed","Asteraceae","Helianthella","quinquenervis","HEQU","forb","perennial",10,3,0,0.1
"3","8/6/25","Emerald Lake","6A",6,11,3,"Post","Community","Removed","Apiaceae","Ligusticum","porteri","LIPO","forb","perennial",6,1,0,0.06
"3","8/6/25","Emerald Lake","6A",6,11,3,"Post","Community","Removed","Boraginaceae","Mertensia","ciliata","MECI","forb","perennial",0.5,1,0,0.005
"3","8/6/25","Emerald Lake","6A",6,11,3,"Post","Community","Removed","Asteraceae","Senecio","crassulus","SECR","forb","perennial",2,2,0,0.02
"3","8/6/25","Emerald Lake","6A",6,11,3,"Post","Community","Removed","Caprifoliaceae","Valeriana","occidentalis","VAOC","forb","perennial",15,8,0,0.15
"3","8/6/25","Emerald Lake","6A",6,11,3,"Post","Community","Removed","Poaceae","Bromus","pumpellianus","BRPU","grass","perennial",2,1,0,0.02
"3","8/6/25","Emerald Lake","6A",6,11,3,"Post","Community","Removed","Poaceae","Calamagrostis","canadensis","CACA","grass","perennial",2,4,0,0.02
"3","8/6/25","Emerald Lake","6A",6,11,3,"Post","Community","Removed","Poaceae","Elymus","glaucus","ELGL","grass","perennial",10,8,0,0.1
"3","8/6/25","Emerald Lake","6A",6,11,3,"Post","Community","Removed","Poaceae","Melica","spectabilis","MESP","grass","perennial",6,5,0,0.06
"3","8/6/25","Emerald Lake","6A",6,11,3,"Post","Community","Removed","Grossulariaceae","Ribes","montigenum","RIMO","shrub","perennial",30,2,0,0.3
"3","8/6/25","Emerald Lake","6B",6,12,3,"Post","Community","Present","Ranunculaceae","Aquilegia","coerulea","AQCO","forb","perennial",3,1,0,0.03
"3","8/6/25","Emerald Lake","6B",6,12,3,"Post","Community","Present","Onagraceae","Chamaenuerion","angustifolium","CHAN","forb","perennial",4,4,1,0.04
"3","8/6/25","Emerald Lake","6B",6,12,3,"Post","Community","Present","Asteraceae","Erigeron","coulteri","ERCO","forb","perennial",0.5,1,0,0.005
"3","8/6/25","Emerald Lake","6B",6,12,3,"Post","Community","Present","Rosaceae","Fragaria","virginiana","FRVI","forb","perennial",4,2,1,0.04
"3","8/6/25","Emerald Lake","6B",6,12,3,"Post","Community","Present","Geraniaceae","Geranium","richardsonii","GERI","forb","perennial",1,1,0,0.01
"3","8/6/25","Emerald Lake","6B",6,12,3,"Post","Community","Present","Apiaceae","Heracleum","maximum","HEMA","forb","perennial",3,1,0,0.03
"3","8/6/25","Emerald Lake","6B",6,12,3,"Post","Community","Present","Asteraceae","Helianthella","quinquenervis","HEQU","forb","perennial",20,5,0,0.2
"3","8/6/25","Emerald Lake","6B",6,12,3,"Post","Community","Present","Boraginaceae","Hydrophyllum","capitatum","HYCA","forb","perennial",1,1,0,0.01
"3","8/6/25","Emerald Lake","6B",6,12,3,"Post","Community","Present","Asteraceae","Hymenoxys","hoopesii","HYHO","forb","perennial",10,4,0,0.1
"3","8/6/25","Emerald Lake","6B",6,12,3,"Post","Community","Present","Apiaceae","Ligusticum","porteri","LIPO","forb","perennial",4,1,1,0.04
"3","8/6/25","Emerald Lake","6B",6,12,3,"Post","Community","Present","Boraginaceae","Mertensia","ciliata","MECI","forb","perennial",1,3,0,0.01
"3","8/6/25","Emerald Lake","6B",6,12,3,"Post","Community","Present","Rosaceae","Potentilla","gracilis","POGR","forb","perennial",1,1,0,0.01
"3","8/6/25","Emerald Lake","6B",6,12,3,"Post","Community","Present","Asteraceae","Senecio","crassulus","SECR","forb","perennial",10,6,1,0.1
"3","8/6/25","Emerald Lake","6B",6,12,3,"Post","Community","Present","Asteraceae","Taraxicum","officinale","TAOF","forb","perennial",2,1,1,0.02
"3","8/6/25","Emerald Lake","6B",6,12,3,"Post","Community","Present","Caprifoliaceae","Valeriana","occidentalis","VAOC","forb","perennial",2,5,0,0.02
"3","8/6/25","Emerald Lake","6B",6,12,3,"Post","Community","Present","Poaceae","Bromus","pumpellianus","BRPU","grass","perennial",0.1,1,0,0.001
"3","8/6/25","Emerald Lake","6B",6,12,3,"Post","Community","Present","Poaceae","Elymus","glaucus","ELGL","grass","perennial",2,11,1,0.02
"3","8/6/25","Emerald Lake","6B",6,12,3,"Post","Community","Present","Poaceae","Melica","spectabilis","MESP","grass","perennial",6,8,0,0.06
"3","8/6/25","Emerald Lake","6B",6,12,3,"Post","Community","Present","Poaceae","Trisetum","spicatum","TRSP","grass","perennial",6,1,0,0.06
"3","8/6/25","Emerald Lake","6B",6,12,3,"Post","Community","Present","Fabaceae","Lupinus","argenteus","LUAR","legume","perennial",6,2,1,0.06
"3","8/6/25","Emerald Lake","6B",6,12,3,"Post","Community","Present","Grossulariaceae","Ribes","montigenum","RIMO","shrub","perennial",25,1,1,0.25
"3","8/6/25","Emerald Lake","7A",7,13,4,"Post","Castilleja","Present","Asteraceae","Agoseris","glauca","AGGL","forb","perennial",1,1,0,0.01
"3","8/6/25","Emerald Lake","7A",7,13,4,"Post","Castilleja","Present","Brassicaceae","Barbarea","vulgaris","BAVU","forb","biennial",0.5,3,0,0.005
"3","8/6/25","Emerald Lake","7A",7,13,4,"Post","Castilleja","Present","Asteraceae","Erigeron","elatior","EREL","forb","perennial",1,1,1,0.01
"3","8/6/25","Emerald Lake","7A",7,13,4,"Post","Castilleja","Present","Apiaceae","Heracleum","maximum","HEMA","forb","perennial",5,3,0,0.05
"3","8/6/25","Emerald Lake","7A",7,13,4,"Post","Castilleja","Present","Asteraceae","Helianthella","quinquenervis","HEQU","forb","perennial",10,3,0,0.1
"3","8/6/25","Emerald Lake","7A",7,13,4,"Post","Castilleja","Present","Asteraceae","Hymenoxys","hoopesii","HYHO","forb","perennial",7,6,0,0.07
"3","8/6/25","Emerald Lake","7A",7,13,4,"Post","Castilleja","Present","Rosaceae","Potentilla","gracilis","POGR","forb","perennial",5,3,0,0.05
"3","8/6/25","Emerald Lake","7A",7,13,4,"Post","Castilleja","Present","Asteraceae","Senecio","crassulus","SECR","forb","perennial",5,5,1,0.05
"3","8/6/25","Emerald Lake","7A",7,13,4,"Post","Castilleja","Present","Poaceae","Bromus","pumpellianus","BRPU","grass","perennial",0.5,1,0,0.005
"3","8/6/25","Emerald Lake","7A",7,13,4,"Post","Castilleja","Present","Poaceae","Elymus","glaucus","ELGL","grass","perennial",2,4,1,0.02
"3","8/6/25","Emerald Lake","7A",7,13,4,"Post","Castilleja","Present","Poaceae","Melica","spectabilis","MESP","grass","perennial",7,4,0,0.07
"3","8/6/25","Emerald Lake","7A",7,13,4,"Post","Castilleja","Present","Fabaceae","Lupinus","argenteus","LUAR","legume","perennial",10,5,1,0.1
"3","8/6/25","Emerald Lake","7B",7,14,4,"Post","Castilleja","Removed","Onagraceae","Chamaenuerion","angustifolium","CHAN","forb","perennial",4,6,0,0.04
"3","8/6/25","Emerald Lake","7B",7,14,4,"Post","Castilleja","Removed","Brassicaceae ","Draba","spectabilis","DRSP","forb","perennial",1,1,0,0.01
"3","8/6/25","Emerald Lake","7B",7,14,4,"Post","Castilleja","Removed","Asteraceae","Erigeron","elatior","EREL","forb","perennial",0.5,1,0,0.005
"3","8/6/25","Emerald Lake","7B",7,14,4,"Post","Castilleja","Removed","Rosaceae","Fragaria","virginiana","FRVI","forb","perennial",2,3,0,0.02
"3","8/6/25","Emerald Lake","7B",7,14,4,"Post","Castilleja","Removed","Geraniaceae","Geranium","richardsonii","GERI","forb","perennial",0.5,1,0,0.005
"3","8/6/25","Emerald Lake","7B",7,14,4,"Post","Castilleja","Removed","Asteraceae","Helianthella","quinquenervis","HEQU","forb","perennial",25,5,0,0.25
"3","8/6/25","Emerald Lake","7B",7,14,4,"Post","Castilleja","Removed","Apiaceae","Ligusticum","porteri","LIPO","forb","perennial",3,1,0,0.03
"3","8/6/25","Emerald Lake","7B",7,14,4,"Post","Castilleja","Removed","Rosaceae","Potentilla","gracilis","POGR","forb","perennial",2,1,0,0.02
"3","8/6/25","Emerald Lake","7B",7,14,4,"Post","Castilleja","Removed","Asteraceae","Senecio","crassulus","SECR","forb","perennial",2,1,0,0.02
"3","8/6/25","Emerald Lake","7B",7,14,4,"Post","Castilleja","Removed","Caprifoliaceae","Valeriana","occidentalis","VAOC","forb","perennial",1,1,0,0.01
"3","8/6/25","Emerald Lake","7B",7,14,4,"Post","Castilleja","Removed","Poaceae","Bromus","pumpellianus","BRPU","grass","perennial",0.5,1,0,0.005
"3","8/6/25","Emerald Lake","7B",7,14,4,"Post","Castilleja","Removed","Poaceae","Elymus","glaucus","ELGL","grass","perennial",3,9,0,0.03
"3","8/6/25","Emerald Lake","7B",7,14,4,"Post","Castilleja","Removed","Poaceae","Melica","spectabilis","MESP","grass","perennial",8,4,0,0.08
"3","8/6/25","Emerald Lake","8A",8,15,4,"Post","Control","Present","Asteraceae","Agoseris","glauca","AGGL","forb","perennial",2,5,0,0.02
"3","8/6/25","Emerald Lake","8A",8,15,4,"Post","Control","Present","Primulaceae","Androsace","septentrionalis","ANSE","forb","annual",0.5,1,0,0.005
"3","8/6/25","Emerald Lake","8A",8,15,4,"Post","Control","Present","Onagraceae","Chamaenuerion","angustifolium","CHAN","forb","perennial",5,7,0,0.05
"3","8/6/25","Emerald Lake","8A",8,15,4,"Post","Control","Present","Brassicaceae ","Draba","spectabilis","DRSP","forb","perennial",0.1,1,0,0.001
"3","8/6/25","Emerald Lake","8A",8,15,4,"Post","Control","Present","Asteraceae","Erigeron","elatior","EREL","forb","perennial",1,1,1,0.01
"3","8/6/25","Emerald Lake","8A",8,15,4,"Post","Control","Present","Rosaceae","Fragaria","virginiana","FRVI","forb","perennial",1,2,0,0.01
"3","8/6/25","Emerald Lake","8A",8,15,4,"Post","Control","Present","Asteraceae","Helianthella","quinquenervis","HEQU","forb","perennial",10,5,1,0.1
"3","8/6/25","Emerald Lake","8A",8,15,4,"Post","Control","Present","Asteraceae","Hymenoxys","hoopesii","HYHO","forb","perennial",2,1,0,0.02
"3","8/6/25","Emerald Lake","8A",8,15,4,"Post","Control","Present","Apiaceae","Ligusticum","porteri","LIPO","forb","perennial",3,1,0,0.03
"3","8/6/25","Emerald Lake","8A",8,15,4,"Post","Control","Present","Rosaceae","Potentilla","gracilis","POGR","forb","perennial",5,3,1,0.05
"3","8/6/25","Emerald Lake","8A",8,15,4,"Post","Control","Present","Asteraceae","Senecio","crassulus","SECR","forb","perennial",10,9,1,0.1
"3","8/6/25","Emerald Lake","8A",8,15,4,"Post","Control","Present","Poaceae","Elymus","glaucus","ELGL","grass","perennial",4,8,1,0.04
"3","8/6/25","Emerald Lake","8A",8,15,4,"Post","Control","Present","Poaceae","Melica","spectabilis","MESP","grass","perennial",2,2,0,0.02
"3","8/6/25","Emerald Lake","8A",8,15,4,"Post","Control","Present","Poaceae","Phleum","alpinum","PHAL","grass","perennial",1,1,0,0.01
"3","8/6/25","Emerald Lake","8A",8,15,4,"Post","Control","Present","Fabaceae","Lupinus","argenteus","LUAR","legume","perennial",25,6,0,0.25
"3","8/6/25","Emerald Lake","8B",8,16,4,"Post","Control","Removed","Asteraceae","Agoseris","glauca","AGGL","forb","perennial",0.5,2,0,0.005
"3","8/6/25","Emerald Lake","8B",8,16,4,"Post","Control","Removed","Onagraceae","Chamaenuerion","angustifolium","CHAN","forb","perennial",15,10,0,0.15
"3","8/6/25","Emerald Lake","8B",8,16,4,"Post","Control","Removed","Asteraceae","Erigeron","elatior","EREL","forb","perennial",2,2,0,0.02
"3","8/6/25","Emerald Lake","8B",8,16,4,"Post","Control","Removed","Liliaceae","Erythronium","grandiflorum","ERGR","forb","perennial",0.1,2,0,0.001
"3","8/6/25","Emerald Lake","8B",8,16,4,"Post","Control","Removed","Geraniaceae","Geranium","richardsonii","GERI","forb","perennial",1,1,0,0.01
"3","8/6/25","Emerald Lake","8B",8,16,4,"Post","Control","Removed","Asteraceae","Helianthella","quinquenervis","HEQU","forb","perennial",20,3,0,0.2
"3","8/6/25","Emerald Lake","8B",8,16,4,"Post","Control","Removed","Asteraceae","Hymenoxys","hoopesii","HYHO","forb","perennial",1,1,0,0.01
"3","8/6/25","Emerald Lake","8B",8,16,4,"Post","Control","Removed","Rosaceae","Potentilla","gracilis","POGR","forb","perennial",4,1,0,0.04
"3","8/6/25","Emerald Lake","8B",8,16,4,"Post","Control","Removed","Asteraceae","Senecio","crassulus","SECR","forb","perennial",9,6,0,0.09
"3","8/6/25","Emerald Lake","8B",8,16,4,"Post","Control","Removed","Caprifoliaceae","Valeriana","occidentalis","VAOC","forb","perennial",0.5,1,0,0.005
"3","8/6/25","Emerald Lake","8B",8,16,4,"Post","Control","Removed","Poaceae","Elymus","glaucus","ELGL","grass","perennial",20,8,0,0.2
"3","8/6/25","Emerald Lake","8B",8,16,4,"Post","Control","Removed","Poaceae","Melica","spectabilis","MESP","grass","perennial",4,3,0,0.04
"3","8/6/25","Emerald Lake","9A",9,17,5,"Post","Mixed","Present","Primulaceae","Androsace","septentrionalis","ANSE","forb","annual",0.1,1,0,0.001
"3","8/6/25","Emerald Lake","9A",9,17,5,"Post","Mixed","Present","Brassicaceae","Barbarea","vulgaris","BAVU","forb","biennial",1,6,1,0.01
"3","8/6/25","Emerald Lake","9A",9,17,5,"Post","Mixed","Present","Onagraceae","Chamaenuerion","angustifolium","CHAN","forb","perennial",15,10,1,0.15
"3","8/6/25","Emerald Lake","9A",9,17,5,"Post","Mixed","Present","Ranunculaceae","Delphinium","barbeyi","DEBA","forb","perennial",6,1,0,0.06
"3","8/6/25","Emerald Lake","9A",9,17,5,"Post","Mixed","Present","Asteraceae","Erigeron","elatior","EREL","forb","perennial",1.5,1,0,0.015
"3","8/6/25","Emerald Lake","9A",9,17,5,"Post","Mixed","Present","Rosaceae","Fragaria","virginiana","FRVI","forb","perennial",2,7,0,0.02
"3","8/6/25","Emerald Lake","9A",9,17,5,"Post","Mixed","Present","Geraniaceae","Geranium","richardsonii","GERI","forb","perennial",0.5,1,0,0.005
"3","8/6/25","Emerald Lake","9A",9,17,5,"Post","Mixed","Present","Asteraceae","Helianthella","quinquenervis","HEQU","forb","perennial",2,1,0,0.02
"3","8/6/25","Emerald Lake","9A",9,17,5,"Post","Mixed","Present","Boraginaceae","Hydrophyllum","capitatum","HYCA","forb","perennial",1,1,0,0.01
"3","8/6/25","Emerald Lake","9A",9,17,5,"Post","Mixed","Present","Asteraceae","Hymenoxys","hoopesii","HYHO","forb","perennial",15,7,1,0.15
"3","8/6/25","Emerald Lake","9A",9,17,5,"Post","Mixed","Present","Apiaceae","Ligusticum","porteri","LIPO","forb","perennial",15,3,0,0.15
"3","8/6/25","Emerald Lake","9A",9,17,5,"Post","Mixed","Present","Asteraceae","Senecio","crassulus","SECR","forb","perennial",1,1,0,0.01
"3","8/6/25","Emerald Lake","9A",9,17,5,"Post","Mixed","Present","Violaceae","Viola","nuttallii","VINU","forb","perennial",1,5,0,0.01
"3","8/6/25","Emerald Lake","9A",9,17,5,"Post","Mixed","Present","Poaceae","Elymus","glaucus","ELGL","grass","perennial",4,8,1,0.04
"3","8/6/25","Emerald Lake","9A",9,17,5,"Post","Mixed","Present","Poaceae","Melica","spectabilis","MESP","grass","perennial",2,6,1,0.02
"3","8/6/25","Emerald Lake","9A",9,17,5,"Post","Mixed","Present","Fabaceae","Lupinus","argenteus","LUAR","legume","perennial",10,4,1,0.1
"3","8/6/25","Emerald Lake","9B",9,18,5,"Post","Mixed","Removed","Onagraceae","Chamaenuerion","angustifolium","CHAN","forb","perennial",25,15,0,0.25
"3","8/6/25","Emerald Lake","9B",9,18,5,"Post","Mixed","Removed","Asteraceae","Erigeron","elatior","EREL","forb","perennial",0.5,1,0,0.005
"3","8/6/25","Emerald Lake","9B",9,18,5,"Post","Mixed","Removed","Rosaceae","Fragaria","virginiana","FRVI","forb","perennial",5,3,0,0.05
"3","8/6/25","Emerald Lake","9B",9,18,5,"Post","Mixed","Removed","Geraniaceae","Geranium","richardsonii","GERI","forb","perennial",1,1,0,0.01
"3","8/6/25","Emerald Lake","9B",9,18,5,"Post","Mixed","Removed","Apiaceae","Heracleum","maximum","HEMA","forb","perennial",5,1,0,0.05
"3","8/6/25","Emerald Lake","9B",9,18,5,"Post","Mixed","Removed","Asteraceae","Helianthella","quinquenervis","HEQU","forb","perennial",3,1,0,0.03
"3","8/6/25","Emerald Lake","9B",9,18,5,"Post","Mixed","Removed","Boraginaceae","Hydrophyllum","capitatum","HYCA","forb","perennial",0.1,1,0,0.001
"3","8/6/25","Emerald Lake","9B",9,18,5,"Post","Mixed","Removed","Asteraceae","Hymenoxys","hoopesii","HYHO","forb","perennial",0,4,0,0
"3","8/6/25","Emerald Lake","9B",9,18,5,"Post","Mixed","Removed","Apiaceae","Ligusticum","porteri","LIPO","forb","perennial",10,2,0,0.1
"3","8/6/25","Emerald Lake","9B",9,18,5,"Post","Mixed","Removed","Asteraceae","Senecio","crassulus","SECR","forb","perennial",1,2,0,0.01
"3","8/6/25","Emerald Lake","9B",9,18,5,"Post","Mixed","Removed","Caprifoliaceae","Valeriana","occidentalis","VAOC","forb","perennial",2,9,0,0.02
"3","8/6/25","Emerald Lake","9B",9,18,5,"Post","Mixed","Removed","Poaceae","Elymus","glaucus","ELGL","grass","perennial",1,3,0,0.01
"3","8/6/25","Emerald Lake","9B",9,18,5,"Post","Mixed","Removed","Poaceae","Melica","spectabilis","MESP","grass","perennial",5,7,0,0.05
"3","8/6/25","Emerald Lake","9B",9,18,5,"Post","Mixed","Removed","Fabaceae","Lupinus","argenteus","LUAR","legume","perennial",2,2,0,0.02
"3","8/3/25","Emerald Lake","10A",10,19,5,"Post","Control","Present","Primulaceae","Androsace","septentrionalis","ANSE","forb","annual",0.1,1,0,0.001
"3","8/3/25","Emerald Lake","10A",10,19,5,"Post","Control","Present","Brassicaceae","Barbarea","vulgaris","BAVU","forb","biennial",0.5,3,0,0.005
"3","8/3/25","Emerald Lake","10A",10,19,5,"Post","Control","Present","Onagraceae","Chamaenuerion","angustifolium","CHAN","forb","perennial",5,4,0,0.05
"3","8/3/25","Emerald Lake","10A",10,19,5,"Post","Control","Present","Ranunculaceae","Delphinium","barbeyi","DEBA","forb","perennial",25,4,0,0.25
"3","8/3/25","Emerald Lake","10A",10,19,5,"Post","Control","Present","Rosaceae","Fragaria","virginiana","FRVI","forb","perennial",0.5,1,0,0.005
"3","8/3/25","Emerald Lake","10A",10,19,5,"Post","Control","Present","Asteraceae","Hymenoxys","hoopesii","HYHO","forb","perennial",10,7,0,0.1
"3","8/3/25","Emerald Lake","10A",10,19,5,"Post","Control","Present","Rosaceae","Potentilla","gracilis","POGR","forb","perennial",4,1,0,0.04
"3","8/3/25","Emerald Lake","10A",10,19,5,"Post","Control","Present","Crassulaceae","Rhodiola","integrifolia","RHIN","forb","perennial",3,1,0,0.03
"3","8/3/25","Emerald Lake","10A",10,19,5,"Post","Control","Present","Asteraceae","Senecio","crassulus","SECR","forb","perennial",5,7,1,0.05
"3","8/3/25","Emerald Lake","10A",10,19,5,"Post","Control","Present","Violaceae","Viola","nuttallii","VINU","forb","perennial",1,4,0,0.01
"3","8/3/25","Emerald Lake","10A",10,19,5,"Post","Control","Present","Poaceae","Bromus","pumpellianus","BRPU","grass","perennial",0.2,2,0,0.002
"3","8/3/25","Emerald Lake","10A",10,19,5,"Post","Control","Present","Poaceae","Elymus","glaucus","ELGL","grass","perennial",1,3,0,0.01
"3","8/3/25","Emerald Lake","10A",10,19,5,"Post","Control","Present","Poaceae","Melica","spectabilis","MESP","grass","perennial",3,5,0,0.03
"3","8/3/25","Emerald Lake","10A",10,19,5,"Post","Control","Present","Poaceae","Poa","stenantha","POST","grass","perennial",1,1,0,0.01
"3","8/3/25","Emerald Lake","10A",10,19,5,"Post","Control","Present","Fabaceae","Lupinus","argenteus","LUAR","legume","perennial",15,4,0,0.15
"3","8/3/25","Emerald Lake","10B",10,20,5,"Post","Control","Removed","Onagraceae","Chamaenuerion","angustifolium","CHAN","forb","perennial",2,2,0,0.02
"3","8/3/25","Emerald Lake","10B",10,20,5,"Post","Control","Removed","Asteraceae","Erigeron","coulteri","ERCO","forb","perennial",0.5,1,0,0.005
"3","8/3/25","Emerald Lake","10B",10,20,5,"Post","Control","Removed","Rosaceae","Fragaria","virginiana","FRVI","forb","perennial",15,7,0,0.15
"3","8/3/25","Emerald Lake","10B",10,20,5,"Post","Control","Removed","Geraniaceae","Geranium","richardsonii","GERI","forb","perennial",7,3,0,0.07
"3","8/3/25","Emerald Lake","10B",10,20,5,"Post","Control","Removed","Apiaceae","Heracleum","maximum","HEMA","forb","perennial",4,1,0,0.04
"3","8/3/25","Emerald Lake","10B",10,20,5,"Post","Control","Removed","Asteraceae","Hymenoxys","hoopesii","HYHO","forb","perennial",4,5,0,0.04
"3","8/3/25","Emerald Lake","10B",10,20,5,"Post","Control","Removed","Apiaceae","Ligusticum","porteri","LIPO","forb","perennial",5,1,0,0.05
"3","8/3/25","Emerald Lake","10B",10,20,5,"Post","Control","Removed","Rosaceae","Potentilla","gracilis","POGR","forb","perennial",7,5,0,0.07
"3","8/3/25","Emerald Lake","10B",10,20,5,"Post","Control","Removed","Crassulaceae","Rhodiola","integrifolia","RHIN","forb","perennial",3,3,0,0.03
"3","8/3/25","Emerald Lake","10B",10,20,5,"Post","Control","Removed","Asteraceae","Senecio","crassulus","SECR","forb","perennial",7,4,0,0.07
"3","8/3/25","Emerald Lake","10B",10,20,5,"Post","Control","Removed","Poaceae","Bromus","pumpellianus","BRPU","grass","perennial",4,5,0,0.04
"3","8/3/25","Emerald Lake","10B",10,20,5,"Post","Control","Removed","Poaceae","Melica","spectabilis","MESP","grass","perennial",3,6,0,0.03
"3","8/3/25","Emerald Lake","10B",10,20,5,"Post","Control","Removed","Fabaceae","Lupinus","argenteus","LUAR","legume","perennial",8,3,0,0.08
"3","8/6/25","Emerald Lake","11A",11,21,3,"Post","Castilleja","Present","Onagraceae","Chamaenuerion","angustifolium","CHAN","forb","perennial",10,8,1,0.1
"3","8/6/25","Emerald Lake","11A",11,21,3,"Post","Castilleja","Present","Ranunculaceae","Delphinium","barbeyi","DEBA","forb","perennial",4,1,0,0.04
"3","8/6/25","Emerald Lake","11A",11,21,3,"Post","Castilleja","Present","Asteraceae","Erigeron","elatior","EREL","forb","perennial",3,2,1,0.03
"3","8/6/25","Emerald Lake","11A",11,21,3,"Post","Castilleja","Present","Geraniaceae","Geranium","richardsonii","GERI","forb","perennial",0.1,1,0,0.001
"3","8/6/25","Emerald Lake","11A",11,21,3,"Post","Castilleja","Present","Apiaceae","Heracleum","maximum","HEMA","forb","perennial",1,1,0,0.01
"3","8/6/25","Emerald Lake","11A",11,21,3,"Post","Castilleja","Present","Asteraceae","Helianthella","quinquenervis","HEQU","forb","perennial",3,1,0,0.03
"3","8/6/25","Emerald Lake","11A",11,21,3,"Post","Castilleja","Present","Asteraceae","Hymenoxys","hoopesii","HYHO","forb","perennial",6,3,1,0.06
"3","8/6/25","Emerald Lake","11A",11,21,3,"Post","Castilleja","Present","Apiaceae","Ligusticum","porteri","LIPO","forb","perennial",20,1,0,0.2
"3","8/6/25","Emerald Lake","11A",11,21,3,"Post","Castilleja","Present","Boraginaceae","Mertensia","ciliata","MECI","forb","perennial",5,4,0,0.05
"3","8/6/25","Emerald Lake","11A",11,21,3,"Post","Castilleja","Present","Rosaceae","Potentilla","gracilis","POGR","forb","perennial",3,1,0,0.03
"3","8/6/25","Emerald Lake","11A",11,21,3,"Post","Castilleja","Present","Asteraceae","Senecio","crassulus","SECR","forb","perennial",1,1,0,0.01
"3","8/6/25","Emerald Lake","11A",11,21,3,"Post","Castilleja","Present","Caprifoliaceae","Valeriana","occidentalis","VAOC","forb","perennial",15,9,1,0.15
"3","8/6/25","Emerald Lake","11A",11,21,3,"Post","Castilleja","Present","Poaceae","Bromus","pumpellianus","BRPU","grass","perennial",1,3,0,0.01
"3","8/6/25","Emerald Lake","11A",11,21,3,"Post","Castilleja","Present","Poaceae","Elymus","glaucus","ELGL","grass","perennial",10,10,0,0.1
"3","8/6/25","Emerald Lake","11A",11,21,3,"Post","Castilleja","Present","Poaceae","Melica","spectabilis","MESP","grass","perennial",2,3,0,0.02
"3","8/6/25","Emerald Lake","11A",11,21,3,"Post","Castilleja","Present","Grossulariaceae","Ribes","montigenum","RIMO","shrub","perennial",25,1,0,0.25
"3","8/6/25","Emerald Lake","11B",11,22,3,"Post","Castilleja","Removed","Ranunculaceae","Aquilegia","coerulea","AQCO","forb","perennial",1,1,0,0.01
"3","8/6/25","Emerald Lake","11B",11,22,3,"Post","Castilleja","Removed","Onagraceae","Chamaenuerion","angustifolium","CHAN","forb","perennial",1,2,0,0.01
"3","8/6/25","Emerald Lake","11B",11,22,3,"Post","Castilleja","Removed","Asteraceae","Erigeron","elatior","EREL","forb","perennial",0.5,1,0,0.005
"3","8/6/25","Emerald Lake","11B",11,22,3,"Post","Castilleja","Removed","Rosaceae","Fragaria","virginiana","FRVI","forb","perennial",7,4,0,0.07
"3","8/6/25","Emerald Lake","11B",11,22,3,"Post","Castilleja","Removed","Geraniaceae","Geranium","richardsonii","GERI","forb","perennial",0.5,1,0,0.005
"3","8/6/25","Emerald Lake","11B",11,22,3,"Post","Castilleja","Removed","Apiaceae","Heracleum","maximum","HEMA","forb","perennial",30,2,0,0.3
"3","8/6/25","Emerald Lake","11B",11,22,3,"Post","Castilleja","Removed","Asteraceae","Helianthella","quinquenervis","HEQU","forb","perennial",25,11,0,0.25
"3","8/6/25","Emerald Lake","11B",11,22,3,"Post","Castilleja","Removed","Asteraceae","Hymenoxys","hoopesii","HYHO","forb","perennial",6,4,0,0.06
"3","8/6/25","Emerald Lake","11B",11,22,3,"Post","Castilleja","Removed","Apiaceae","Ligusticum","porteri","LIPO","forb","perennial",9,2,0,0.09
"3","8/6/25","Emerald Lake","11B",11,22,3,"Post","Castilleja","Removed","Boraginaceae","Mertensia","ciliata","MECI","forb","perennial",2,2,0,0.02
"3","8/6/25","Emerald Lake","11B",11,22,3,"Post","Castilleja","Removed","Rosaceae","Potentilla","gracilis","POGR","forb","perennial",12,4,0,0.12
"3","8/6/25","Emerald Lake","11B",11,22,3,"Post","Castilleja","Removed","Ranunculaceae","Ranunculus","inamoenus","RAIN","forb","perennial",0.1,1,0,0.001
"3","8/6/25","Emerald Lake","11B",11,22,3,"Post","Castilleja","Removed","Asteraceae","Senecio","crassulus","SECR","forb","perennial",5,5,0,0.05
"3","8/6/25","Emerald Lake","11B",11,22,3,"Post","Castilleja","Removed","Asteraceae","Taraxicum","officinale","TAOF","forb","perennial",1,1,0,0.01
"3","8/6/25","Emerald Lake","11B",11,22,3,"Post","Castilleja","Removed","Thalictraceae","Thalictrum","fendleri","THFE","forb","perennial",4,3,0,0.04
"3","8/6/25","Emerald Lake","11B",11,22,3,"Post","Castilleja","Removed","Caprifoliaceae","Valeriana","occidentalis","VAOC","forb","perennial",1,3,0,0.01
"3","8/6/25","Emerald Lake","11B",11,22,3,"Post","Castilleja","Removed","Poaceae","Elymus","glaucus","ELGL","grass","perennial",2,10,0,0.02
"3","8/6/25","Emerald Lake","11B",11,22,3,"Post","Castilleja","Removed","Poaceae","Melica","spectabilis","MESP","grass","perennial",1,4,0,0.01
"3","8/6/25","Emerald Lake","11B",11,22,3,"Post","Castilleja","Removed","Cyperaceae","Carex","Hoodii","CAHO","sedge","perennial",2,2,0,0.02
"3","8/6/25","Emerald Lake","11B",11,22,3,"Post","Castilleja","Removed","Grossulariaceae","Ribes","montigenum","RIMO","shrub","perennial",1,5,0,0.01
"3","8/6/25","Emerald Lake","12A",12,23,3,"Post","Control","Present","Ranunculaceae","Aquilegia","coerulea","AQCO","forb","perennial",1,1,0,0.01
"3","8/6/25","Emerald Lake","12A",12,23,3,"Post","Control","Present","Onagraceae","Chamaenuerion","angustifolium","CHAN","forb","perennial",4,4,1,0.04
"3","8/6/25","Emerald Lake","12A",12,23,3,"Post","Control","Present","Brassicaceae ","Draba","spectabilis","DRSP","forb","perennial",2,1,1,0.02
"3","8/6/25","Emerald Lake","12A",12,23,3,"Post","Control","Present","Asteraceae","Erigeron","elatior","EREL","forb","perennial",2,1,0,0.02
"3","8/6/25","Emerald Lake","12A",12,23,3,"Post","Control","Present","Gentianaceae","Gentiana","parryi","GEPA","forb","perennial",0.5,1,0,0.005
"3","8/6/25","Emerald Lake","12A",12,23,3,"Post","Control","Present","Geraniaceae","Geranium","richardsonii","GERI","forb","perennial",2,1,1,0.02
"3","8/6/25","Emerald Lake","12A",12,23,3,"Post","Control","Present","Asteraceae","Helianthella","quinquenervis","HEQU","forb","perennial",25,7,0,0.25
"3","8/6/25","Emerald Lake","12A",12,23,3,"Post","Control","Present","Asteraceae","Hymenoxys","hoopesii","HYHO","forb","perennial",8,6,1,0.08
"3","8/6/25","Emerald Lake","12A",12,23,3,"Post","Control","Present","Apiaceae","Ligusticum","porteri","LIPO","forb","perennial",35,5,1,0.35
"3","8/6/25","Emerald Lake","12A",12,23,3,"Post","Control","Present","Boraginaceae","Mertensia","ciliata","MECI","forb","perennial",1,1,0,0.01
"3","8/6/25","Emerald Lake","12A",12,23,3,"Post","Control","Present","Rosaceae","Potentilla","gracilis","POGR","forb","perennial",2,1,1,0.02
"3","8/6/25","Emerald Lake","12A",12,23,3,"Post","Control","Present","Asteraceae","Senecio","crassulus","SECR","forb","perennial",5,5,0,0.05
"3","8/6/25","Emerald Lake","12A",12,23,3,"Post","Control","Present","Thalictraceae","Thalictrum","fendleri","THFE","forb","perennial",12,3,0,0.12
"3","8/6/25","Emerald Lake","12A",12,23,3,"Post","Control","Present","Caprifoliaceae","Valeriana","occidentalis","VAOC","forb","perennial",4,3,0,0.04
"3","8/6/25","Emerald Lake","12A",12,23,3,"Post","Control","Present","Poaceae","Bromus","pumpellianus","BRPU","grass","perennial",2,2,0,0.02
"3","8/6/25","Emerald Lake","12A",12,23,3,"Post","Control","Present","Poaceae","Elymus","glaucus","ELGL","grass","perennial",20,15,0,0.2
"3","8/6/25","Emerald Lake","12A",12,23,3,"Post","Control","Present","Poaceae","Melica","spectabilis","MESP","grass","perennial",4,2,0,0.04
"3","8/6/25","Emerald Lake","12B",12,24,3,"Post","Control","Removed","Brassicaceae","Barbarea","vulgaris","BAVU","forb","biennial",1,5,0,0.01
"3","8/6/25","Emerald Lake","12B",12,24,3,"Post","Control","Removed","Campanulaceae","Campanula","petiolata","CAPE","forb","perennial",2,8,0,0.02
"3","8/6/25","Emerald Lake","12B",12,24,3,"Post","Control","Removed","Asteraceae","Erigeron","coulteri","ERCO","forb","perennial",1,1,0,0.01
"3","8/6/25","Emerald Lake","12B",12,24,3,"Post","Control","Removed","Asteraceae","Erigeron","speciosus","ERSP","forb","perennial",7,2,0,0.07
"3","8/6/25","Emerald Lake","12B",12,24,3,"Post","Control","Removed","Rosaceae","Fragaria","virginiana","FRVI","forb","perennial",1.5,3,0,0.015
"3","8/6/25","Emerald Lake","12B",12,24,3,"Post","Control","Removed","Asteraceae","Heliomeris","multiflora","HEMU","forb","perennial",2,1,0,0.02
"3","8/6/25","Emerald Lake","12B",12,24,3,"Post","Control","Removed","Asteraceae","Helianthella","quinquenervis","HEQU","forb","perennial",15,4,0,0.15
"3","8/6/25","Emerald Lake","12B",12,24,3,"Post","Control","Removed","Asteraceae","Hymenoxys","hoopesii","HYHO","forb","perennial",6,5,0,0.06
"3","8/6/25","Emerald Lake","12B",12,24,3,"Post","Control","Removed","Apiaceae","Ligusticum","porteri","LIPO","forb","perennial",4,2,0,0.04
"3","8/6/25","Emerald Lake","12B",12,24,3,"Post","Control","Removed","Rosaceae","Potentilla","gracilis","POGR","forb","perennial",15,6,0,0.15
"3","8/6/25","Emerald Lake","12B",12,24,3,"Post","Control","Removed","Asteraceae","Senecio","crassulus","SECR","forb","perennial",1,1,0,0.01
"3","8/6/25","Emerald Lake","12B",12,24,3,"Post","Control","Removed","Violaceae","Viola","nuttallii","VINU","forb","perennial",0.1,1,0,0.001
"3","8/6/25","Emerald Lake","12B",12,24,3,"Post","Control","Removed","Poaceae","Bromus","pumpellianus","BRPU","grass","perennial",1,1,0,0.01
"3","8/6/25","Emerald Lake","12B",12,24,3,"Post","Control","Removed","Poaceae","Melica","spectabilis","MESP","grass","perennial",10,5,0,0.1
"3","8/6/25","Emerald Lake","12B",12,24,3,"Post","Control","Removed","Fabaceae","Lupinus","argenteus","LUAR","legume","perennial",6,1,0,0.06
"3","8/6/25","Emerald Lake","12B",12,24,3,"Post","Control","Removed","Cyperaceae","Carex","Hoodii","CAHO","sedge","perennial",10,3,0,0.1
"3","8/4/25","Emerald Lake","13A",13,25,1,"Post","Control","Removed","Ranunculaceae","Aquilegia","coerulea","AQCO","forb","perennial",2,1,0,0.02
"3","8/4/25","Emerald Lake","13A",13,25,1,"Post","Control","Removed","Asteraceae","Erigeron","speciosus","ERSP","forb","perennial",1.5,2,0,0.015
"3","8/4/25","Emerald Lake","13A",13,25,1,"Post","Control","Removed","Rosaceae","Fragaria","virginiana","FRVI","forb","perennial",6,6,0,0.06
"3","8/4/25","Emerald Lake","13A",13,25,1,"Post","Control","Removed","Asteraceae","Helianthella","quinquenervis","HEQU","forb","perennial",25,7,0,0.25
"3","8/4/25","Emerald Lake","13A",13,25,1,"Post","Control","Removed","Apiaceae","Ligusticum","porteri","LIPO","forb","perennial",15,3,0,0.15
"3","8/4/25","Emerald Lake","13A",13,25,1,"Post","Control","Removed","Rosaceae","Potentilla","gracilis","POGR","forb","perennial",7,4,0,0.07
"3","8/4/25","Emerald Lake","13A",13,25,1,"Post","Control","Removed","Poaceae","Bromus","pumpellianus","BRPU","grass","perennial",2,6,0,0.02
"3","8/4/25","Emerald Lake","13A",13,25,1,"Post","Control","Removed","Poaceae","Elymus","glaucus","ELGL","grass","perennial",5,8,0,0.05
"3","8/4/25","Emerald Lake","13A",13,25,1,"Post","Control","Removed","Poaceae","Melica","spectabilis","MESP","grass","perennial",5,3,0,0.05
"3","8/4/25","Emerald Lake","13A",13,25,1,"Post","Control","Removed","Poaceae","Poa","stenantha","POST","grass","perennial",1.5,1,0,0.015
"3","8/4/25","Emerald Lake","13A",13,25,1,"Post","Control","Removed","Fabaceae","Lupinus","argenteus","LUAR","legume","perennial",11,4,0,0.11
"3","8/4/25","Emerald Lake","13A",13,25,1,"Post","Control","Removed","Cyperaceae","Carex","Hoodii","CAHO","sedge","perennial",8,4,0,0.08
"3","8/4/25","Emerald Lake","13B",13,26,1,"Post","Control","Present","Ranunculaceae","Delphinium","barbeyi","DEBA","forb","perennial",3,1,1,0.03
"3","8/4/25","Emerald Lake","13B",13,26,1,"Post","Control","Present","Asteraceae","Erigeron","elatior","EREL","forb","perennial",2,1,0,0.02
"3","8/4/25","Emerald Lake","13B",13,26,1,"Post","Control","Present","Asteraceae","Erigeron","speciosus","ERSP","forb","perennial",15,2,1,0.15
"3","8/4/25","Emerald Lake","13B",13,26,1,"Post","Control","Present","Rosaceae","Fragaria","virginiana","FRVI","forb","perennial",2,3,0,0.02
"3","8/4/25","Emerald Lake","13B",13,26,1,"Post","Control","Present","Geraniaceae","Geranium","richardsonii","GERI","forb","perennial",1,1,0,0.01
"3","8/4/25","Emerald Lake","13B",13,26,1,"Post","Control","Present","Asteraceae","Helianthella","quinquenervis","HEQU","forb","perennial",15,6,1,0.15
"3","8/4/25","Emerald Lake","13B",13,26,1,"Post","Control","Present","Asteraceae","Hymenoxys","hoopesii","HYHO","forb","perennial",2,1,0,0.02
"3","8/4/25","Emerald Lake","13B",13,26,1,"Post","Control","Present","Boraginaceae","Mertensia","ciliata","MECI","forb","perennial",5,1,0,0.05
"3","8/4/25","Emerald Lake","13B",13,26,1,"Post","Control","Present","Rosaceae","Potentilla","gracilis","POGR","forb","perennial",7,4,1,0.07
"3","8/4/25","Emerald Lake","13B",13,26,1,"Post","Control","Present","Asteraceae","Senecio","crassulus","SECR","forb","perennial",0.5,1,0,0.005
"3","8/4/25","Emerald Lake","13B",13,26,1,"Post","Control","Present","Thalictraceae","Thalictrum","fendleri","THFE","forb","perennial",1,1,0,0.01
"3","8/4/25","Emerald Lake","13B",13,26,1,"Post","Control","Present","Caprifoliaceae","Valeriana","occidentalis","VAOC","forb","perennial",6,6,0,0.06
"3","8/4/25","Emerald Lake","13B",13,26,1,"Post","Control","Present","Poaceae","Bromus","pumpellianus","BRPU","grass","perennial",1.5,6,0,0.015
"3","8/4/25","Emerald Lake","13B",13,26,1,"Post","Control","Present","Poaceae","Elymus","glaucus","ELGL","grass","perennial",5,11,1,0.05
"3","8/4/25","Emerald Lake","13B",13,26,1,"Post","Control","Present","Poaceae","Melica","spectabilis","MESP","grass","perennial",1.5,3,0,0.015
"3","8/4/25","Emerald Lake","13B",13,26,1,"Post","Control","Present","Fabaceae","Lupinus","argenteus","LUAR","legume","perennial",15,6,1,0.15
"3","8/4/25","Emerald Lake","13B",13,26,1,"Post","Control","Present","Cyperaceae","Carex","Hoodii","CAHO","sedge","perennial",6,2,1,0.06
"3","8/4/25","Emerald Lake","13B",13,26,1,"Post","Control","Present","Grossulariaceae","Ribes","montigenum","RIMO","shrub","perennial",5,1,0,0.05
"3","8/3/25","Emerald Lake","14A",14,27,1,"Post","Community","Present","Primulaceae","Androsace","septentrionalis","ANSE","forb","annual",0.1,1,0,0.001
"3","8/3/25","Emerald Lake","14A",14,27,1,"Post","Community","Present","Asteraceae","Helianthella","quinquenervis","HEQU","forb","perennial",12,10,0,0.12
"3","8/3/25","Emerald Lake","14A",14,27,1,"Post","Community","Present","Asteraceae","Hymenoxys","hoopesii","HYHO","forb","perennial",5,3,1,0.05
"3","8/3/25","Emerald Lake","14A",14,27,1,"Post","Community","Present","Apiaceae","Ligusticum","porteri","LIPO","forb","perennial",7,2,0,0.07
"3","8/3/25","Emerald Lake","14A",14,27,1,"Post","Community","Present","Boraginaceae","Mertensia","ciliata","MECI","forb","perennial",5,7,0,0.05
"3","8/3/25","Emerald Lake","14A",14,27,1,"Post","Community","Present","Asteraceae","Senecio","crassulus","SECR","forb","perennial",1,2,1,0.01
"3","8/3/25","Emerald Lake","14A",14,27,1,"Post","Community","Present","Poaceae","Bromus","pumpellianus","BRPU","grass","perennial",7,14,0,0.07
"3","8/3/25","Emerald Lake","14A",14,27,1,"Post","Community","Present","Grossulariaceae","Ribes","montigenum","RIMO","shrub","perennial",25,3,0,0.25
"3","8/3/25","Emerald Lake","14B",14,28,1,"Post","Community","Removed","Brassicaceae","Barbarea","vulgaris","BAVU","forb","biennial",0.1,1,0,0.001
"3","8/3/25","Emerald Lake","14B",14,28,1,"Post","Community","Removed","Ranunculaceae","Delphinium","barbeyi","DEBA","forb","perennial",1,1,0,0.01
"3","8/3/25","Emerald Lake","14B",14,28,1,"Post","Community","Removed","Rosaceae","Fragaria","virginiana","FRVI","forb","perennial",1,3,0,0.01
"3","8/3/25","Emerald Lake","14B",14,28,1,"Post","Community","Removed","Asteraceae","Helianthella","quinquenervis","HEQU","forb","perennial",5,2,0,0.05
"3","8/3/25","Emerald Lake","14B",14,28,1,"Post","Community","Removed","Asteraceae","Hymenoxys","hoopesii","HYHO","forb","perennial",25,8,0,0.25
"3","8/3/25","Emerald Lake","14B",14,28,1,"Post","Community","Removed","Boraginaceae","Mertensia","ciliata","MECI","forb","perennial",1,2,0,0.01
"3","8/3/25","Emerald Lake","14B",14,28,1,"Post","Community","Removed","Rosaceae","Potentilla","gracilis","POGR","forb","perennial",2,2,0,0.02
"3","8/3/25","Emerald Lake","14B",14,28,1,"Post","Community","Removed","Asteraceae","Senecio","crassulus","SECR","forb","perennial",2,4,0,0.02
"3","8/3/25","Emerald Lake","14B",14,28,1,"Post","Community","Removed","Poaceae","Elymus","glaucus","ELGL","grass","perennial",2,4,0,0.02
"3","8/3/25","Emerald Lake","14B",14,28,1,"Post","Community","Removed","Poaceae","Melica","spectabilis","MESP","grass","perennial",3,4,0,0.03
"3","8/3/25","Emerald Lake","14B",14,28,1,"Post","Community","Removed","Poaceae","Phleum","alpinum","PHAL","grass","perennial",4,3,0,0.04
"3","8/3/25","Emerald Lake","14B",14,28,1,"Post","Community","Removed","Cyperaceae","Carex","Hoodii","CAHO","sedge","perennial",1,5,0,0.01
"3","8/3/25","Emerald Lake","14B",14,28,1,"Post","Community","Removed","Grossulariaceae","Ribes","montigenum","RIMO","shrub","perennial",25,1,0,0.25
"3","8/3/25","Emerald Lake","15A",15,29,1,"Post","Castilleja","Present","Asteraceae","Erigeron","coulteri","ERCO","forb","perennial",0.5,1,0,0.005
"3","8/3/25","Emerald Lake","15A",15,29,1,"Post","Castilleja","Present","Asteraceae","Erigeron","elatior","EREL","forb","perennial",0.5,1,0,0.005
"3","8/3/25","Emerald Lake","15A",15,29,1,"Post","Castilleja","Present","Liliaceae","Erythronium","grandiflorum","ERGR","forb","perennial",0.1,1,1,0.001
"3","8/3/25","Emerald Lake","15A",15,29,1,"Post","Castilleja","Present","Asteraceae","Helianthella","quinquenervis","HEQU","forb","perennial",9,3,0,0.09
"3","8/3/25","Emerald Lake","15A",15,29,1,"Post","Castilleja","Present","Apiaceae","Ligusticum","porteri","LIPO","forb","perennial",5,1,0,0.05
"3","8/3/25","Emerald Lake","15A",15,29,1,"Post","Castilleja","Present","Rosaceae","Potentilla","gracilis","POGR","forb","perennial",3,3,1,0.03
"3","8/3/25","Emerald Lake","15A",15,29,1,"Post","Castilleja","Present","Crassulaceae","Rhodiola","integrifolia","RHIN","forb","perennial",2.5,2,0,0.025
"3","8/3/25","Emerald Lake","15A",15,29,1,"Post","Castilleja","Present","Asteraceae","Senecio","crassulus","SECR","forb","perennial",1,2,0,0.01
"3","8/3/25","Emerald Lake","15A",15,29,1,"Post","Castilleja","Present","Caprifoliaceae","Valeriana","occidentalis","VAOC","forb","perennial",1,5,0,0.01
"3","8/3/25","Emerald Lake","15A",15,29,1,"Post","Castilleja","Present","Violaceae","Viola","nuttallii","VINU","forb","perennial",0.1,1,0,0.001
"3","8/3/25","Emerald Lake","15A",15,29,1,"Post","Castilleja","Present","Poaceae","Elymus","glaucus","ELGL","grass","perennial",10,16,1,0.1
"3","8/3/25","Emerald Lake","15A",15,29,1,"Post","Castilleja","Present","Poaceae","Melica","spectabilis","MESP","grass","perennial",8,4,1,0.08
"3","8/3/25","Emerald Lake","15A",15,29,1,"Post","Castilleja","Present","Fabaceae","Lupinus","argenteus","LUAR","legume","perennial",20,7,0,0.2
"3","8/3/25","Emerald Lake","15B",15,30,1,"Post","Castilleja","Removed","Asteraceae","Erigeron","coulteri","ERCO","forb","perennial",0.5,2,0,0.005
"3","8/3/25","Emerald Lake","15B",15,30,1,"Post","Castilleja","Removed","Rosaceae","Potentilla","gracilis","POGR","forb","perennial",1,1,0,0.01
"3","8/3/25","Emerald Lake","15B",15,30,1,"Post","Castilleja","Removed","Asteraceae","Senecio","crassulus","SECR","forb","perennial",7,4,0,0.07
"3","8/3/25","Emerald Lake","15B",15,30,1,"Post","Castilleja","Removed","Caprifoliaceae","Valeriana","occidentalis","VAOC","forb","perennial",0.5,3,0,0.005
"3","8/3/25","Emerald Lake","15B",15,30,1,"Post","Castilleja","Removed","Poaceae","Elymus","glaucus","ELGL","grass","perennial",10,5,0,0.1
"3","8/3/25","Emerald Lake","15B",15,30,1,"Post","Castilleja","Removed","Poaceae","Melica","spectabilis","MESP","grass","perennial",5,5,0,0.05
"3","8/3/25","Emerald Lake","15B",15,30,1,"Post","Castilleja","Removed","Poaceae","Poa","stenantha","POST","grass","perennial",1,3,0,0.01
"3","8/3/25","Emerald Lake","15B",15,30,1,"Post","Castilleja","Removed","Fabaceae","Lupinus","argenteus","LUAR","legume","perennial",20,8,0,0.2
"3","8/3/25","Emerald Lake","16A",16,31,2,"Post","Control","Present","Primulaceae","Androsace","septentrionalis","ANSE","forb","annual",0.1,1,0,0.001
"3","8/3/25","Emerald Lake","16A",16,31,2,"Post","Control","Present","Brassicaceae","Barbarea","vulgaris","BAVU","forb","biennial",0.5,3,0,0.005
"3","8/3/25","Emerald Lake","16A",16,31,2,"Post","Control","Present","Onagraceae","Chamaenuerion","angustifolium","CHAN","forb","perennial",0.5,1,0,0.005
"3","8/3/25","Emerald Lake","16A",16,31,2,"Post","Control","Present","Liliaceae","Erythronium","grandiflorum","ERGR","forb","perennial",0.1,1,0,0.001
"3","8/3/25","Emerald Lake","16A",16,31,2,"Post","Control","Present","Asteraceae","Heliomeris","multiflora","HEMU","forb","perennial",1,1,1,0.01
"3","8/3/25","Emerald Lake","16A",16,31,2,"Post","Control","Present","Asteraceae","Helianthella","quinquenervis","HEQU","forb","perennial",5,3,0,0.05
"3","8/3/25","Emerald Lake","16A",16,31,2,"Post","Control","Present","Rosaceae","Potentilla","gracilis","POGR","forb","perennial",7,5,1,0.07
"3","8/3/25","Emerald Lake","16A",16,31,2,"Post","Control","Present","Asteraceae","Senecio","crassulus","SECR","forb","perennial",7,3,0,0.07
"3","8/3/25","Emerald Lake","16A",16,31,2,"Post","Control","Present","Caprifoliaceae","Valeriana","occidentalis","VAOC","forb","perennial",1,8,1,0.01
"3","8/3/25","Emerald Lake","16A",16,31,2,"Post","Control","Present","Poaceae","Elymus","glaucus","ELGL","grass","perennial",10,9,0,0.1
"3","8/3/25","Emerald Lake","16A",16,31,2,"Post","Control","Present","Poaceae","Melica","spectabilis","MESP","grass","perennial",3,6,1,0.03
"3","8/3/25","Emerald Lake","16A",16,31,2,"Post","Control","Present","Poaceae","Poa","stenantha","POST","grass","perennial",3,2,0,0.03
"3","8/3/25","Emerald Lake","16A",16,31,2,"Post","Control","Present","Fabaceae","Lupinus","argenteus","LUAR","legume","perennial",30,8,1,0.3
"3","8/3/25","Emerald Lake","16B",16,32,2,"Post","Control","Removed","Onagraceae","Chamaenuerion","angustifolium","CHAN","forb","perennial",7,5,0,0.07
"3","8/3/25","Emerald Lake","16B",16,32,2,"Post","Control","Removed","Asteraceae","Erigeron","coulteri","ERCO","forb","perennial",1,2,0,0.01
"3","8/3/25","Emerald Lake","16B",16,32,2,"Post","Control","Removed","Apiaceae","Heracleum","maximum","HEMA","forb","perennial",5,1,0,0.05
"3","8/3/25","Emerald Lake","16B",16,32,2,"Post","Control","Removed","Asteraceae","Heliomeris","multiflora","HEMU","forb","perennial",1,2,0,0.01
"3","8/3/25","Emerald Lake","16B",16,32,2,"Post","Control","Removed","Asteraceae","Helianthella","quinquenervis","HEQU","forb","perennial",3,2,0,0.03
"3","8/3/25","Emerald Lake","16B",16,32,2,"Post","Control","Removed","Rosaceae","Potentilla","gracilis","POGR","forb","perennial",7,4,0,0.07
"3","8/3/25","Emerald Lake","16B",16,32,2,"Post","Control","Removed","Caprifoliaceae","Valeriana","occidentalis","VAOC","forb","perennial",3,11,0,0.03
"3","8/3/25","Emerald Lake","16B",16,32,2,"Post","Control","Removed","Melanthiaceae","Veratrum","californicum","VECA","forb","perennial",5,1,0,0.05
"3","8/3/25","Emerald Lake","16B",16,32,2,"Post","Control","Removed","Poaceae","Elymus","glaucus","ELGL","grass","perennial",15,8,0,0.15
"3","8/3/25","Emerald Lake","16B",16,32,2,"Post","Control","Removed","Poaceae","Melica","spectabilis","MESP","grass","perennial",20,8,0,0.2
"3","8/3/25","Emerald Lake","16B",16,32,2,"Post","Control","Removed","Poaceae","Trisetum","spicatum","TRSP","grass","perennial",1,3,0,0.01
"3","8/3/25","Emerald Lake","16B",16,32,2,"Post","Control","Removed","Fabaceae","Lupinus","argenteus","LUAR","legume","perennial",30,8,0,0.3
"3","8/3/25","Emerald Lake","17A",17,33,4,"Post","Community","Removed","Primulaceae","Androsace","septentrionalis","ANSE","forb","annual",1,3,0,0.01
"3","8/3/25","Emerald Lake","17A",17,33,4,"Post","Community","Removed","Onagraceae","Chamaenuerion","angustifolium","CHAN","forb","perennial",3.5,4,0,0.035
"3","8/3/25","Emerald Lake","17A",17,33,4,"Post","Community","Removed","Ranunculaceae","Delphinium","barbeyi","DEBA","forb","perennial",4,3,0,0.04
"3","8/3/25","Emerald Lake","17A",17,33,4,"Post","Community","Removed","Brassicaceae","Descurainia","sophia","DESO","forb","perennial",0.1,1,0,0.001
"3","8/3/25","Emerald Lake","17A",17,33,4,"Post","Community","Removed","Asteraceae","Erigeron","coulteri","ERCO","forb","perennial",0.5,1,0,0.005
"3","8/3/25","Emerald Lake","17A",17,33,4,"Post","Community","Removed","Apiaceae","Heracleum","maximum","HEMA","forb","perennial",5,1,0,0.05
"3","8/3/25","Emerald Lake","17A",17,33,4,"Post","Community","Removed","Asteraceae","Hymenoxys","hoopesii","HYHO","forb","perennial",7,3,0,0.07
"3","8/3/25","Emerald Lake","17A",17,33,4,"Post","Community","Removed","Asteraceae","Senecio","crassulus","SECR","forb","perennial",8,5,0,0.08
"3","8/3/25","Emerald Lake","17A",17,33,4,"Post","Community","Removed","Caprifoliaceae","Valeriana","occidentalis","VAOC","forb","perennial",5,17,0,0.05
"3","8/3/25","Emerald Lake","17A",17,33,4,"Post","Community","Removed","Poaceae","Elymus","glaucus","ELGL","grass","perennial",2,7,0,0.02
"3","8/3/25","Emerald Lake","17A",17,33,4,"Post","Community","Removed","Poaceae","Melica","spectabilis","MESP","grass","perennial",9,10,0,0.09
"3","8/3/25","Emerald Lake","17A",17,33,4,"Post","Community","Removed","Poaceae","Phleum","alpinum","PHAL","grass","perennial",0.1,1,0,0.001
"3","8/3/25","Emerald Lake","17A",17,33,4,"Post","Community","Removed","Fabaceae","Lupinus","argenteus","LUAR","legume","perennial",5,2,0,0.05
"3","8/3/25","Emerald Lake","17B",17,34,4,"Post","Community","Present","Onagraceae","Chamaenuerion","angustifolium","CHAN","forb","perennial",15,8,1,0.15
"3","8/3/25","Emerald Lake","17B",17,34,4,"Post","Community","Present","Brassicaceae","Descurainia","sophia","DESO","forb","perennial",0.5,3,0,0.005
"3","8/3/25","Emerald Lake","17B",17,34,4,"Post","Community","Present","Brassicaceae ","Draba","spectabilis","DRSP","forb","perennial",1,5,0,0.01
"3","8/3/25","Emerald Lake","17B",17,34,4,"Post","Community","Present","Liliaceae","Erythronium","grandiflorum","ERGR","forb","perennial",0.5,2,0,0.005
"3","8/3/25","Emerald Lake","17B",17,34,4,"Post","Community","Present","Geraniaceae","Geranium","richardsonii","GERI","forb","perennial",1.5,1,0,0.015
"3","8/3/25","Emerald Lake","17B",17,34,4,"Post","Community","Present","Asteraceae","Heliomeris","multiflora","HEMU","forb","perennial",1,1,0,0.01
"3","8/3/25","Emerald Lake","17B",17,34,4,"Post","Community","Present","Asteraceae","Hymenoxys","hoopesii","HYHO","forb","perennial",2,2,0,0.02
"3","8/3/25","Emerald Lake","17B",17,34,4,"Post","Community","Present","Boraginaceae","Mertensia","ciliata","MECI","forb","perennial",9,5,0,0.09
"3","8/3/25","Emerald Lake","17B",17,34,4,"Post","Community","Present","Ranunculaceae","Ranunculus","inamoenus","RAIN","forb","perennial",1,1,0,0.01
"3","8/3/25","Emerald Lake","17B",17,34,4,"Post","Community","Present","Polygonaceae","Rumex","salicifolius","RUSA","forb","perennial",8,3,1,0.08
"3","8/3/25","Emerald Lake","17B",17,34,4,"Post","Community","Present","Asteraceae","Senecio","crassulus","SECR","forb","perennial",2,2,0,0.02
"3","8/3/25","Emerald Lake","17B",17,34,4,"Post","Community","Present","Caprifoliaceae","Valeriana","occidentalis","VAOC","forb","perennial",2,7,0,0.02
"3","8/3/25","Emerald Lake","17B",17,34,4,"Post","Community","Present","Melanthiaceae","Veratrum","californicum","VECA","forb","perennial",30,9,1,0.3
"3","8/3/25","Emerald Lake","17B",17,34,4,"Post","Community","Present","Poaceae","Elymus","glaucus","ELGL","grass","perennial",5,8,1,0.05
"3","8/3/25","Emerald Lake","17B",17,34,4,"Post","Community","Present","Poaceae","Melica","spectabilis","MESP","grass","perennial",10,4,1,0.1
"3","8/3/25","Emerald Lake","17B",17,34,4,"Post","Community","Present","Fabaceae","Lupinus","argenteus","LUAR","legume","perennial",7,2,1,0.07
"3","8/3/25","Emerald Lake","18A",18,35,5,"Post","Community","Present","Primulaceae","Androsace","septentrionalis","ANSE","forb","annual",2,6,0,0.02
"3","8/3/25","Emerald Lake","18A",18,35,5,"Post","Community","Present","Onagraceae","Chamaenuerion","angustifolium","CHAN","forb","perennial",40,15,1,0.4
"3","8/3/25","Emerald Lake","18A",18,35,5,"Post","Community","Present","Ranunculaceae","Delphinium","barbeyi","DEBA","forb","perennial",3,1,1,0.03
"3","8/3/25","Emerald Lake","18A",18,35,5,"Post","Community","Present","Brassicaceae ","Draba","spectabilis","DRSP","forb","perennial",0.5,2,0,0.005
"3","8/3/25","Emerald Lake","18A",18,35,5,"Post","Community","Present","Geraniaceae","Geranium","richardsonii","GERI","forb","perennial",10,5,1,0.1
"3","8/3/25","Emerald Lake","18A",18,35,5,"Post","Community","Present","Apiaceae","Heracleum","maximum","HEMA","forb","perennial",20,1,0,0.2
"3","8/3/25","Emerald Lake","18A",18,35,5,"Post","Community","Present","Boraginaceae","Hydrophyllum","capitatum","HYCA","forb","perennial",0.5,1,0,0.005
"3","8/3/25","Emerald Lake","18A",18,35,5,"Post","Community","Present","Asteraceae","Hymenoxys","hoopesii","HYHO","forb","perennial",5,4,0,0.05
"3","8/3/25","Emerald Lake","18A",18,35,5,"Post","Community","Present","Apiaceae","Ligusticum","porteri","LIPO","forb","perennial",10,1,0,0.1
"3","8/3/25","Emerald Lake","18A",18,35,5,"Post","Community","Present","Boraginaceae","Mertensia","ciliata","MECI","forb","perennial",2,4,0,0.02
"3","8/3/25","Emerald Lake","18A",18,35,5,"Post","Community","Present","Asteraceae","Senecio","crassulus","SECR","forb","perennial",5,10,0,0.05
"3","8/3/25","Emerald Lake","18A",18,35,5,"Post","Community","Present","Caprifoliaceae","Valeriana","occidentalis","VAOC","forb","perennial",1,3,0,0.01
"3","8/3/25","Emerald Lake","18A",18,35,5,"Post","Community","Present","Violaceae","Viola","nuttallii","VINU","forb","perennial",1,3,0,0.01
"3","8/3/25","Emerald Lake","18A",18,35,5,"Post","Community","Present","Poaceae","Bromus","pumpellianus","BRPU","grass","perennial",0.1,1,0,0.001
"3","8/3/25","Emerald Lake","18A",18,35,5,"Post","Community","Present","Poaceae","Elymus","glaucus","ELGL","grass","perennial",7,15,1,0.07
"3","8/3/25","Emerald Lake","18A",18,35,5,"Post","Community","Present","Fabaceae","Lupinus","argenteus","LUAR","legume","perennial",3,1,0,0.03
"3","8/3/25","Emerald Lake","18B",18,36,5,"Post","Community","Removed","Onagraceae","Chamaenuerion","angustifolium","CHAN","forb","perennial",40,17,0,0.4
"3","8/3/25","Emerald Lake","18B",18,36,5,"Post","Community","Removed","Ranunculaceae","Delphinium","barbeyi","DEBA","forb","perennial",7,2,0,0.07
"3","8/3/25","Emerald Lake","18B",18,36,5,"Post","Community","Removed","Brassicaceae ","Draba","spectabilis","DRSP","forb","perennial",0.1,1,0,0.001
"3","8/3/25","Emerald Lake","18B",18,36,5,"Post","Community","Removed","Asteraceae","Erigeron","elatior","EREL","forb","perennial",1,1,0,0.01
"3","8/3/25","Emerald Lake","18B",18,36,5,"Post","Community","Removed","Geraniaceae","Geranium","richardsonii","GERI","forb","perennial",6,3,0,0.06
"3","8/3/25","Emerald Lake","18B",18,36,5,"Post","Community","Removed","Apiaceae","Heracleum","maximum","HEMA","forb","perennial",15,1,0,0.15
"3","8/3/25","Emerald Lake","18B",18,36,5,"Post","Community","Removed","Asteraceae","Hymenoxys","hoopesii","HYHO","forb","perennial",3,2,0,0.03
"3","8/3/25","Emerald Lake","18B",18,36,5,"Post","Community","Removed","Apiaceae","Ligusticum","porteri","LIPO","forb","perennial",5,1,0,0.05
"3","8/3/25","Emerald Lake","18B",18,36,5,"Post","Community","Removed","Boraginaceae","Mertensia","ciliata","MECI","forb","perennial",3,4,0,0.03
"3","8/3/25","Emerald Lake","18B",18,36,5,"Post","Community","Removed","Asteraceae","Senecio","crassulus","SECR","forb","perennial",1,1,0,0.01
"3","8/3/25","Emerald Lake","18B",18,36,5,"Post","Community","Removed","Caprifoliaceae","Valeriana","occidentalis","VAOC","forb","perennial",5,7,0,0.05
"3","8/3/25","Emerald Lake","18B",18,36,5,"Post","Community","Removed","Poaceae","Bromus","pumpellianus","BRPU","grass","perennial",0.1,1,0,0.001
"3","8/3/25","Emerald Lake","18B",18,36,5,"Post","Community","Removed","Poaceae","Elymus","glaucus","ELGL","grass","perennial",5,3,0,0.05
"3","8/3/25","Emerald Lake","19A",19,37,5,"Post","Castilleja","Present","Onagraceae","Chamaenuerion","angustifolium","CHAN","forb","perennial",35,19,0,0.35
"3","8/3/25","Emerald Lake","19A",19,37,5,"Post","Castilleja","Present","Ranunculaceae","Delphinium","barbeyi","DEBA","forb","perennial",5,4,0,0.05
"3","8/3/25","Emerald Lake","19A",19,37,5,"Post","Castilleja","Present","Asteraceae","Erigeron","coulteri","ERCO","forb","perennial",1,1,0,0.01
"3","8/3/25","Emerald Lake","19A",19,37,5,"Post","Castilleja","Present","Asteraceae","Erigeron","elatior","EREL","forb","perennial",10,12,0,0.1
"3","8/3/25","Emerald Lake","19A",19,37,5,"Post","Castilleja","Present","Apiaceae","Heracleum","maximum","HEMA","forb","perennial",5,1,0,0.05
"3","8/3/25","Emerald Lake","19A",19,37,5,"Post","Castilleja","Present","Asteraceae","Hymenoxys","hoopesii","HYHO","forb","perennial",30,11,0,0.3
"3","8/3/25","Emerald Lake","19A",19,37,5,"Post","Castilleja","Present","Boraginaceae","Mertensia","ciliata","MECI","forb","perennial",2,4,0,0.02
"3","8/3/25","Emerald Lake","19A",19,37,5,"Post","Castilleja","Present","Polygonaceae","Rumex","salicifolius","RUSA","forb","perennial",7,1,0,0.07
"3","8/3/25","Emerald Lake","19A",19,37,5,"Post","Castilleja","Present","Asteraceae","Senecio","crassulus","SECR","forb","perennial",5,7,1,0.05
"3","8/3/25","Emerald Lake","19A",19,37,5,"Post","Castilleja","Present","Caprifoliaceae","Valeriana","occidentalis","VAOC","forb","perennial",1,3,0,0.01
"3","8/3/25","Emerald Lake","19A",19,37,5,"Post","Castilleja","Present","Poaceae","Elymus","glaucus","ELGL","grass","perennial",5,7,0,0.05
"3","8/3/25","Emerald Lake","19A",19,37,5,"Post","Castilleja","Present","Poaceae","Melica","spectabilis","MESP","grass","perennial",10,6,1,0.1
"3","8/3/25","Emerald Lake","19A",19,37,5,"Post","Castilleja","Present","Poaceae","Poa","pratensis","POPR","grass","perennial",2,3,0,0.02
"3","8/3/25","Emerald Lake","19A",19,37,5,"Post","Castilleja","Present","Cyperaceae","Carex","Hoodii","CAHO","sedge","perennial",1,1,0,0.01
"3","8/3/25","Emerald Lake","19B",19,38,5,"Post","Castilleja","Removed","Primulaceae","Androsace","septentrionalis","ANSE","forb","annual",0.5,1,0,0.005
"3","8/3/25","Emerald Lake","19B",19,38,5,"Post","Castilleja","Removed","Brassicaceae","Barbarea","vulgaris","BAVU","forb","biennial",0.2,2,0,0.002
"3","8/3/25","Emerald Lake","19B",19,38,5,"Post","Castilleja","Removed","Onagraceae","Chamaenuerion","angustifolium","CHAN","forb","perennial",25,19,0,0.25
"3","8/3/25","Emerald Lake","19B",19,38,5,"Post","Castilleja","Removed","Asteraceae","Erigeron","elatior","EREL","forb","perennial",10,12,0,0.1
"3","8/3/25","Emerald Lake","19B",19,38,5,"Post","Castilleja","Removed","Geraniaceae","Geranium","richardsonii","GERI","forb","perennial",3,1,0,0.03
"3","8/3/25","Emerald Lake","19B",19,38,5,"Post","Castilleja","Removed","Asteraceae","Hymenoxys","hoopesii","HYHO","forb","perennial",5,2,0,0.05
"3","8/3/25","Emerald Lake","19B",19,38,5,"Post","Castilleja","Removed","Boraginaceae","Mertensia","ciliata","MECI","forb","perennial",6,5,0,0.06
"3","8/3/25","Emerald Lake","19B",19,38,5,"Post","Castilleja","Removed","Asteraceae","Senecio","crassulus","SECR","forb","perennial",8,12,0,0.08
"3","8/3/25","Emerald Lake","19B",19,38,5,"Post","Castilleja","Removed","Caryophyllaceae","Silene","drummondii","SIDR","forb","perennial",1,2,0,0.01
"3","8/3/25","Emerald Lake","19B",19,38,5,"Post","Castilleja","Removed","Violaceae","Viola","nuttallii","VINU","forb","perennial",3,7,0,0.03
"3","8/3/25","Emerald Lake","19B",19,38,5,"Post","Castilleja","Removed","Poaceae","Elymus","glaucus","ELGL","grass","perennial",5,15,0,0.05
"3","8/3/25","Emerald Lake","19B",19,38,5,"Post","Castilleja","Removed","Poaceae","Melica","spectabilis","MESP","grass","perennial",5,6,0,0.05
"3","8/3/25","Emerald Lake","19B",19,38,5,"Post","Castilleja","Removed","Poaceae","Poa","pratensis","POPR","grass","perennial",1,3,0,0.01
"3","8/3/25","Emerald Lake","19B",19,38,5,"Post","Castilleja","Removed","Fabaceae","Lupinus","argenteus","LUAR","legume","perennial",30,5,0,0.3
"3","8/3/25","Emerald Lake","20A",20,39,4,"Post","Mixed","Present","Brassicaceae","Barbarea","vulgaris","BAVU","forb","biennial",0.5,4,0,0.005
"3","8/3/25","Emerald Lake","20A",20,39,4,"Post","Mixed","Present","Onagraceae","Chamaenuerion","angustifolium","CHAN","forb","perennial",4,2,0,0.04
"3","8/3/25","Emerald Lake","20A",20,39,4,"Post","Mixed","Present","Brassicaceae","Descurainia","sophia","DESO","forb","perennial",0.5,3,0,0.005
"3","8/3/25","Emerald Lake","20A",20,39,4,"Post","Mixed","Present","Asteraceae","Erigeron","coulteri","ERCO","forb","perennial",1,1,0,0.01
"3","8/3/25","Emerald Lake","20A",20,39,4,"Post","Mixed","Present","Liliaceae","Erythronium","grandiflorum","ERGR","forb","perennial",0.5,2,0,0.005
"3","8/3/25","Emerald Lake","20A",20,39,4,"Post","Mixed","Present","Geraniaceae","Geranium","richardsonii","GERI","forb","perennial",15,5,1,0.15
"3","8/3/25","Emerald Lake","20A",20,39,4,"Post","Mixed","Present","Apiaceae","Heracleum","maximum","HEMA","forb","perennial",10,3,1,0.1
"3","8/3/25","Emerald Lake","20A",20,39,4,"Post","Mixed","Present","Boraginaceae","Hydrophyllum","capitatum","HYCA","forb","perennial",0.5,1,0,0.005
"3","8/3/25","Emerald Lake","20A",20,39,4,"Post","Mixed","Present","Boraginaceae","Mertensia","ciliata","MECI","forb","perennial",5,2,0,0.05
"3","8/3/25","Emerald Lake","20A",20,39,4,"Post","Mixed","Present","Plantaginaceae","Plantago","tweedyi","PLTW","forb","perennial",0.5,1,0,0.005
"3","8/3/25","Emerald Lake","20A",20,39,4,"Post","Mixed","Present","Rosaceae","Potentilla","gracilis","POGR","forb","perennial",7,5,1,0.07
"3","8/3/25","Emerald Lake","20A",20,39,4,"Post","Mixed","Present","Ranunculaceae","Ranunculus","inamoenus","RAIN","forb","perennial",1,3,0,0.01
"3","8/3/25","Emerald Lake","20A",20,39,4,"Post","Mixed","Present","Asteraceae","Senecio","crassulus","SECR","forb","perennial",12,4,0,0.12
"3","8/3/25","Emerald Lake","20A",20,39,4,"Post","Mixed","Present","Asteraceae","Taraxicum","officinale","TAOF","forb","perennial",1,1,0,0.01
"3","8/3/25","Emerald Lake","20A",20,39,4,"Post","Mixed","Present","Caprifoliaceae","Valeriana","occidentalis","VAOC","forb","perennial",2,5,0,0.02
"3","8/3/25","Emerald Lake","20A",20,39,4,"Post","Mixed","Present","Poaceae","Bromus","pumpellianus","BRPU","grass","perennial",1,2,0,0.01
"3","8/3/25","Emerald Lake","20A",20,39,4,"Post","Mixed","Present","Poaceae","Elymus","glaucus","ELGL","grass","perennial",5,12,1,0.05
"3","8/3/25","Emerald Lake","20A",20,39,4,"Post","Mixed","Present","Poaceae","Melica","spectabilis","MESP","grass","perennial",10,7,1,0.1
"3","8/3/25","Emerald Lake","20A",20,39,4,"Post","Mixed","Present","Fabaceae","Lupinus","argenteus","LUAR","legume","perennial",30,5,1,0.3
"3","8/3/25","Emerald Lake","20A",20,39,4,"Post","Mixed","Present","Fabaceae","Trifolium","hybridum","TRHY","legume","perennial",6,3,0,0.06
"3","8/3/25","Emerald Lake","20B",20,40,4,"Post","Mixed","Removed","Brassicaceae","Barbarea","vulgaris","BAVU","forb","biennial",0.1,1,0,0.001
"3","8/3/25","Emerald Lake","20B",20,40,4,"Post","Mixed","Removed","Onagraceae","Chamaenuerion","angustifolium","CHAN","forb","perennial",1,1,0,0.01
"3","8/3/25","Emerald Lake","20B",20,40,4,"Post","Mixed","Removed","Brassicaceae","Descurainia","sophia","DESO","forb","perennial",0.1,1,0,0.001
"3","8/3/25","Emerald Lake","20B",20,40,4,"Post","Mixed","Removed","Brassicaceae ","Draba","spectabilis","DRSP","forb","perennial",5,7,0,0.05
"3","8/3/25","Emerald Lake","20B",20,40,4,"Post","Mixed","Removed","Asteraceae","Erigeron","coulteri","ERCO","forb","perennial",1,2,0,0.01
"3","8/3/25","Emerald Lake","20B",20,40,4,"Post","Mixed","Removed","Apiaceae","Heracleum","maximum","HEMA","forb","perennial",25,2,0,0.25
"3","8/3/25","Emerald Lake","20B",20,40,4,"Post","Mixed","Removed","Asteraceae","Hymenoxys","hoopesii","HYHO","forb","perennial",5,2,0,0.05
"3","8/3/25","Emerald Lake","20B",20,40,4,"Post","Mixed","Removed","Boraginaceae","Mertensia","ciliata","MECI","forb","perennial",2,3,0,0.02
"3","8/3/25","Emerald Lake","20B",20,40,4,"Post","Mixed","Removed","Rosaceae","Potentilla","gracilis","POGR","forb","perennial",3,1,0,0.03
"3","8/3/25","Emerald Lake","20B",20,40,4,"Post","Mixed","Removed","Asteraceae","Senecio","crassulus","SECR","forb","perennial",3,5,0,0.03
"3","8/3/25","Emerald Lake","20B",20,40,4,"Post","Mixed","Removed","Poaceae","Elymus","glaucus","ELGL","grass","perennial",3,10,0,0.03
"3","8/3/25","Emerald Lake","20B",20,40,4,"Post","Mixed","Removed","Fabaceae","Lupinus","argenteus","LUAR","legume","perennial",10,3,0,0.1
